16
8
39

0 14 21 33 22 23 12 22 32 32 21 28 30 29 31 30 
14 0 12 19 12 24 12 19 21 27 7 19 16 21 33 17 
21 12 0 15 22 16 11 9 12 15 11 29 19 9 24 23 
33 19 15 0 21 31 25 23 8 24 12 25 9 17 37 16 
22 12 22 21 0 36 24 30 26 37 12 7 13 30 44 9 
23 24 16 31 36 0 13 8 25 13 26 43 35 16 8 39 
12 12 11 25 24 13 0 10 23 20 16 31 26 17 21 28 
22 19 9 23 30 8 10 0 18 10 19 37 28 9 15 32 
32 21 12 8 26 25 23 18 0 17 15 32 17 10 31 23 
32 27 15 24 37 13 20 10 17 0 25 44 31 7 16 37 
21 7 11 12 12 26 16 19 15 25 0 19 10 18 34 13 
28 19 29 25 7 43 31 37 32 44 19 0 16 37 51 10 
30 16 19 9 13 35 26 28 17 31 10 16 0 24 43 6 
29 21 9 17 30 16 17 9 10 7 18 37 24 0 21 30 
31 33 24 37 44 8 21 15 31 16 34 51 43 21 0 47 
30 17 23 16 9 39 28 32 23 37 13 10 6 30 47 0 

0 28 29 14 29 22 18 15 16 18 10 12 19 20 26 26 
28 0 20 28 21 22 20 16 23 20 20 21 12 18 28 17 
29 20 0 28 28 20 26 19 24 22 14 29 19 16 19 29 
14 28 28 0 18 26 14 27 23 14 23 27 20 15 18 22 
29 21 28 18 0 20 24 27 11 10 16 28 28 22 20 20 
22 22 20 26 20 0 19 18 16 28 22 27 25 20 12 16 
18 20 26 14 24 19 0 12 22 25 23 12 13 27 16 18 
15 16 19 27 27 18 12 0 26 17 25 22 19 19 17 10 
16 23 24 23 11 16 22 26 0 13 27 17 15 21 22 20 
18 20 22 14 10 28 25 17 13 0 14 29 16 26 18 20 
10 20 14 23 16 22 23 25 27 14 0 10 21 22 10 16 
12 21 29 27 28 27 12 22 17 29 10 0 25 24 10 15 
19 12 19 20 28 25 13 19 15 16 21 25 0 26 20 27 
20 18 16 15 22 20 27 19 21 26 22 24 26 0 20 19 
26 28 19 18 20 12 16 17 22 18 10 10 20 20 0 26 
26 17 29 22 20 16 18 10 20 20 16 15 27 19 26 0 

0.0 0.4978174290970596 0.2193910861011404 0.5693399378632178 0.2604272267563638 0.50583143635098 0.39210673131020746 0.6219939346172754 0.13333356148527772 0.7426566731969658 0.5786090139495842 0.35177649830706703 0.6445620252514466 0.3735477601152506 0.8106020737173674 0.5872011878680911 
0.4978174290970596 0.0 0.4122977605757605 0.30255177899470487 0.2530377689858121 0.1552642532511346 0.33444539981174426 0.12665857625992746 0.20844209401552116 0.45551181358413195 0.6711553399103077 0.811868481599054 0.13121544714930344 0.8138078026447492 0.5303730710850735 0.7262025917444518 
0.2193910861011404 0.4122977605757605 0.0 0.9935965341422992 0.2198221340744006 0.8674868115699096 0.3440749081675915 0.43140570852250837 0.8769651280916477 0.15438610381426737 0.9314657598532222 0.9247345824435391 0.883826625813707 0.1081081141211363 0.13197976740573544 0.13642415657009552 
0.5693399378632178 0.30255177899470487 0.9935965341422992 0.0 0.622134545944849 0.19473622428907505 0.40014187528755674 0.23947465606527946 0.4478309692581125 0.740328612310895 0.6701788116208708 0.5134561986964287 0.7690692203063311 0.587393506515235 0.40605323756539535 0.979539783768024 
0.2604272267563638 0.2530377689858121 0.2198221340744006 0.622134545944849 0.0 0.847769102696989 0.43279027654746016 0.351662680877434 0.4739444327073894 0.7798228492297606 0.17092425794831073 0.588883930687094 0.3303965549594997 0.6931279889936368 0.44471645136668236 0.1155392823847158 
0.50583143635098 0.1552642532511346 0.8674868115699096 0.19473622428907505 0.847769102696989 0.0 0.5536237680479645 0.952329081304719 0.5760674352013001 0.2753794639614373 0.7179559527820731 0.17448281500182877 0.9073980219380109 0.707823660436229 0.11778237334037171 0.14081838991455728 
0.39210673131020746 0.33444539981174426 0.3440749081675915 0.40014187528755674 0.43279027654746016 0.5536237680479645 0.0 0.7363377625552563 0.5364654091220191 0.229913963290299 0.6363460441727553 0.966745327459535 0.9822488386030112 0.5218265451002603 0.9612750361070731 0.43098343441192266 
0.6219939346172754 0.12665857625992746 0.43140570852250837 0.23947465606527946 0.351662680877434 0.952329081304719 0.7363377625552563 0.0 0.6697384366464625 0.9543102718492423 0.4360331427225771 0.26073385177892133 0.49305031457328174 0.18222775679382291 0.36513750538849155 0.8966267957998622 
0.13333356148527772 0.20844209401552116 0.8769651280916477 0.4478309692581125 0.4739444327073894 0.5760674352013001 0.5364654091220191 0.6697384366464625 0.0 0.12178274180132659 0.15288301254979844 0.6342485406910304 0.23057185904034275 0.8566776826353024 0.13792973500902123 0.3894454718278628 
0.7426566731969658 0.45551181358413195 0.15438610381426737 0.740328612310895 0.7798228492297606 0.2753794639614373 0.229913963290299 0.9543102718492423 0.12178274180132659 0.0 0.6689160228890568 0.889765135920243 0.5117979823544861 0.9880943733348714 0.38941803822189214 0.5843863927664646 
0.5786090139495842 0.6711553399103077 0.9314657598532222 0.6701788116208708 0.17092425794831073 0.7179559527820731 0.6363460441727553 0.4360331427225771 0.15288301254979844 0.6689160228890568 0.0 0.20729413706332186 0.3166363596227999 0.34051574835544896 0.26676169285528994 0.33732999743247366 
0.35177649830706703 0.811868481599054 0.9247345824435391 0.5134561986964287 0.588883930687094 0.17448281500182877 0.966745327459535 0.26073385177892133 0.6342485406910304 0.889765135920243 0.20729413706332186 0.0 0.24220571841361987 0.1974773981243214 0.8126626988775313 0.27066229460635977 
0.6445620252514466 0.13121544714930344 0.883826625813707 0.7690692203063311 0.3303965549594997 0.9073980219380109 0.9822488386030112 0.49305031457328174 0.23057185904034275 0.5117979823544861 0.3166363596227999 0.24220571841361987 0.0 0.1021948706732288 0.44676515646458925 0.9202692730478069 
0.3735477601152506 0.8138078026447492 0.1081081141211363 0.587393506515235 0.6931279889936368 0.707823660436229 0.5218265451002603 0.18222775679382291 0.8566776826353024 0.9880943733348714 0.34051574835544896 0.1974773981243214 0.1021948706732288 0.0 0.3890749442132839 0.538715002216318 
0.8106020737173674 0.5303730710850735 0.13197976740573544 0.40605323756539535 0.44471645136668236 0.11778237334037171 0.9612750361070731 0.36513750538849155 0.13792973500902123 0.38941803822189214 0.26676169285528994 0.8126626988775313 0.44676515646458925 0.3890749442132839 0.0 0.3173033492706715 
0.5872011878680911 0.7262025917444518 0.13642415657009552 0.979539783768024 0.1155392823847158 0.14081838991455728 0.43098343441192266 0.8966267957998622 0.3894454718278628 0.5843863927664646 0.33732999743247366 0.27066229460635977 0.9202692730478069 0.538715002216318 0.3173033492706715 0.0 

0 19 30 16 23 11 31 15 28 8 8 7 14 6 19 11 
0 7 0 2 6 2 6 8 7 9 7 4 4 5 1 6 
