32
5
100

0 35 78 76 98 55 52 37 86 88 79 101 29 51 27 82 26 75 77 74 36 64 84 78 25 76 21 26 85 62 16 73 
35 0 60 59 91 81 40 13 84 94 100 97 8 22 38 97 11 42 78 41 67 30 91 64 39 102 19 46 79 80 19 39 
78 60 0 3 37 87 26 48 41 59 90 45 67 39 55 77 60 41 41 43 88 49 58 9 58 101 58 64 29 72 65 48 
76 59 3 0 36 83 24 47 38 56 87 44 66 39 52 75 58 42 38 44 85 49 56 7 55 98 56 62 27 68 63 49 
98 91 37 36 0 84 51 78 17 34 76 9 96 73 71 59 87 78 26 80 94 85 36 29 73 90 82 76 13 63 89 85 
55 81 87 83 84 0 66 74 67 57 27 83 78 84 44 37 70 107 58 107 21 102 53 81 42 22 61 34 74 21 63 109 
52 40 26 24 51 66 0 28 44 57 76 57 46 26 29 67 37 43 39 44 64 43 54 26 32 83 33 39 38 55 40 47 
37 13 48 47 78 74 28 0 72 82 92 84 19 14 30 87 13 38 65 37 64 29 79 52 33 95 16 40 66 71 21 37 
86 84 41 38 17 67 44 72 0 19 59 17 89 70 59 43 79 80 9 82 78 85 20 32 60 73 73 62 13 46 80 86 
88 94 59 56 34 57 57 82 19 0 43 29 97 83 62 26 87 96 18 98 72 99 4 50 63 58 80 63 32 36 86 102 
79 100 90 87 76 27 76 92 59 43 0 72 100 99 62 17 90 119 52 120 48 117 40 83 61 16 82 56 70 21 85 122 
101 97 45 44 9 83 57 84 17 29 72 0 102 80 74 55 93 86 26 88 94 93 32 37 76 87 87 79 19 62 94 93 
29 8 67 66 96 78 46 19 89 97 100 102 0 30 38 98 10 50 81 49 63 38 94 71 38 100 18 44 84 80 15 47 
51 22 39 39 73 84 26 14 70 83 99 80 30 0 41 92 26 24 65 24 76 18 81 45 44 104 30 52 62 78 35 24 
27 38 55 52 71 44 29 30 59 62 62 74 38 41 0 60 28 64 50 64 36 58 59 53 3 64 19 11 58 42 24 65 
82 97 77 75 59 37 67 87 43 26 17 55 98 92 60 0 88 110 38 111 56 110 23 69 60 33 80 56 55 20 84 114 
26 11 60 58 87 70 37 13 79 87 90 93 10 26 28 88 0 49 72 48 57 38 83 62 29 91 9 36 74 71 9 47 
75 42 41 42 78 107 43 38 80 96 119 86 50 24 64 110 49 0 78 2 100 14 95 49 67 125 54 75 69 98 58 8 
77 78 41 38 26 58 39 65 9 18 52 26 81 65 50 38 72 78 0 79 68 81 17 33 52 66 65 53 17 38 72 83 
74 41 43 44 80 107 44 37 82 98 120 88 49 24 64 111 48 2 79 0 100 12 96 51 67 126 54 75 71 99 58 5 
36 67 88 85 94 21 64 64 78 72 48 94 63 76 36 56 57 100 68 100 0 92 68 84 33 41 48 25 83 38 48 100 
64 30 49 49 85 102 43 29 85 99 117 93 38 18 58 110 38 14 81 12 92 0 97 56 61 122 45 69 75 96 48 9 
84 91 58 56 36 53 54 79 20 4 40 32 94 81 59 23 83 95 17 96 68 97 0 50 59 55 76 59 32 32 82 100 
78 64 9 7 29 81 26 52 32 50 83 37 71 45 53 69 62 49 33 51 84 56 50 0 56 94 60 62 20 65 67 56 
25 39 58 55 73 42 32 33 60 63 61 76 38 44 3 60 29 67 52 67 33 61 59 56 0 63 20 8 60 42 24 68 
76 102 101 98 90 22 83 95 73 58 16 87 100 104 64 33 91 125 66 126 41 122 55 94 63 0 82 56 83 29 85 128 
21 19 58 56 82 61 33 16 73 80 82 87 18 30 19 80 9 54 65 54 48 45 76 60 20 82 0 27 70 62 7 53 
26 46 64 62 76 34 39 40 62 63 56 79 44 52 11 56 36 75 53 75 25 69 59 62 8 56 27 0 64 37 29 76 
85 79 29 27 13 74 38 66 13 32 70 19 84 62 58 55 74 69 17 71 83 75 32 20 60 83 70 64 0 55 77 76 
62 80 72 68 63 21 55 71 46 36 21 62 80 78 42 20 71 98 38 99 38 96 32 65 42 29 62 37 55 0 66 102 
16 19 65 63 89 63 40 21 80 86 85 94 15 35 24 84 9 58 72 58 48 48 82 67 24 85 7 29 77 66 0 57 
73 39 48 49 85 109 47 37 86 102 122 93 47 24 65 114 47 8 83 5 100 9 100 56 68 128 53 76 76 102 57 0 

0.0 4.0626435528731655 12.370761447366554 12.925416752020427 15.86485627809431 9.72974970760399 8.783377875246261 4.627442281225964 11.571632728481596 12.108228390792645 12.07896451746933 11.914711335675806 3.499631852855714 5.439186632901211 4.1222467601236605 13.851724253560587 3.4368925959763055 14.961425067222102 10.186234122452696 8.956510549899637 4.053386557969331 10.506633225450596 11.692858101919452 13.657484980997204 3.8028986786133454 7.630153365562331 2.1158563355573814 3.3288763930366905 10.333456081386652 7.380250795440532 2.508166173822517 13.222391912012894 
4.3755164327016685 0.0 11.79808989517641 11.747396105726281 17.293591439773376 12.814210596184537 6.598242620006927 2.1998337602100024 9.369670263465427 12.172476308605802 12.27973186438281 12.667153446248038 1.1196082841274524 4.036822300396304 3.94785101493218 11.498400507506942 1.7382926696979468 5.624289513722288 14.386700393165565 8.031009163958462 8.161502835888077 3.5496059495081105 17.594950703509213 7.926139054014532 5.876386630523637 13.65672641704039 2.385513207919898 7.315903337573173 10.984171349057068 14.90993234255783 3.524689389719377 5.828976681694318 
9.993931027835847 8.702173009780015 0.0 0.42825703113987323 4.434763459555812 13.071605227162813 5.19135617906872 5.416052046521703 5.61851836278502 10.480552301905277 16.03468480510442 7.075345676149332 8.981332113981141 4.79216971518524 10.589953746574034 8.991646627048528 8.431827054448275 5.5200571725882615 7.203872191070381 5.237727524937071 15.557056138617167 9.29347768252016 8.273392703609787 1.5706186344178819 6.626187140849263 17.5379976277364 11.27453788095745 8.689757654958793 4.837810593063121 7.503006614148472 9.893029484797465 9.443431712883164 
14.420544294757875 6.392654262623924 0.5763625957892162 0.0 4.7277927475468955 12.077475012741232 4.685276018302236 6.332636483332785 4.942690141297942 8.385427822973195 8.91867737409273 6.906065512845111 11.523713024496882 5.832265997106683 8.587686018392336 14.90919338112956 8.537343109715964 4.724985028198393 4.189017399254845 8.702202327393197 13.00033991012296 7.501526048636443 5.636911723901377 1.3716570015649912 10.787395385558764 13.426831050919201 8.575576640601703 12.280269463671347 2.780021867064315 7.666104165606125 12.165167275435714 7.6621199268636895 
10.338810328552476 9.3092463399731 6.183322465599856 5.723690416896818 0.0 15.699250228654348 5.308046029828097 11.097245004033045 2.197044585722061 4.433117632452648 8.728315116540761 1.290132394812751 10.834797341340023 14.146424798639943 10.420652219704163 9.367129342088344 11.253980499796103 8.372631143946204 4.270310667884218 14.18248942968661 16.019713129836383 15.573506515184231 3.9369569569345515 3.207012194456504 9.07708146392908 15.43727214274838 8.840112819379899 11.731947421830817 1.713862300118776 11.660989309580657 11.058052314565177 14.786385117760688 
8.971214049011294 11.691687320260662 12.074375620475818 10.271633261113195 15.805559981462599 0.0 7.355435273709654 13.146862710079056 7.315817586058595 5.923869666713719 3.380552942183961 14.024755909132043 15.548774898397163 8.607322088488457 6.58811632577351 4.162442160024586 10.145684063504127 13.605438359554482 8.57027584555966 11.670887052718879 2.518184410937179 12.407621815774062 8.164213808825789 9.174785940260747 5.483364952179397 3.307400111203439 11.749757215070414 6.076620473421626 11.562417881790768 3.1687324113469915 10.247985392737998 19.880797461356707 
9.238131448157077 4.961809617404108 2.99226027635261 4.053747337357525 6.509624588325055 12.24783930002814 0.0 4.181543606265857 5.3744997451931855 9.256776634733617 8.758928437654632 7.6868526009144595 5.908240566176229 4.551907241765427 3.1113908593630972 12.395020641507493 3.9299440226891393 4.826511250096574 7.4686159876874925 4.527313133308243 7.268057290552885 7.277943500207762 5.576584639021205 2.9930211711014203 3.3327293034930183 15.985477416430822 5.381049099880551 5.17758987152192 5.8744330685792345 7.960967964882739 6.901297628664976 4.791847219803077 
5.6163740119020265 2.3367259574555392 8.516284219249078 5.5053291368771795 10.82272770831721 14.722929569735847 3.2428659910337783 0.0 11.836201026009821 11.35112931767287 13.230800104026176 10.49651578642633 2.053181500323212 1.7463162570593274 3.970259837495293 10.709028969511902 1.9832482992486493 4.727111507647149 10.311756053504345 4.446849203047987 10.294022968554291 3.001568212407711 13.731961253854646 5.842902003881331 5.649200732992984 10.343659968401864 1.8233889462781017 4.505413941634002 10.754668423831358 12.766814011302259 2.8639384722169696 6.12002871542729 
13.849709440523728 8.418454808755293 4.303197094511447 4.657718151353697 2.395364170308958 7.04962360758064 5.229877961915844 9.326044200494794 0.0 3.0997054944516966 10.471319121730495 2.815881206975603 13.729294328100623 11.499548112653816 5.965266393669227 5.7192185454862265 11.707263081085696 12.882628227001085 1.6349052725066024 15.565426191113975 13.215829252977711 10.258580214293891 2.412585750753439 5.7667403216745186 11.906707811630532 12.526663280520564 8.946022345732821 7.504094712315744 2.369223303986179 6.731618596647161 12.102437576361872 14.456204695594314 
14.434423768195341 14.22406817453776 7.311703751495035 11.144749465010605 5.491521899097746 6.911240606506304 6.405402586669918 9.688042707125897 2.2086090873050894 0.0 6.284208692981484 3.194107830092345 10.753612854758476 9.731110264480908 10.03259727123326 3.7173764052412155 9.131147141399813 18.65908337177877 2.234316185960205 14.585363546534333 12.318844662638266 10.222096403242464 0.606867281130399 9.583482395232654 7.710601623182847 6.403141964213202 9.321752481025483 10.339706470308457 3.5317753194074175 4.866253518539207 12.904603907959885 14.591008692610426 
10.880695539844508 12.765965419862297 16.377227219269276 15.063599142806275 13.255163082265643 3.188816183210225 11.920541065628594 12.969807276687572 11.050260469847315 8.51874289784383 0.0 10.65982114827115 19.40865558603793 15.23848822886751 10.441598657730065 3.244393391129868 11.703680036843869 16.132473365819337 8.71368685926083 12.97303072136054 8.28263131430696 13.110462402855713 6.725876711799466 13.39723830899379 6.295289876340427 2.121376236078563 13.703841279032115 9.717705397674465 13.949719457528312 3.9126950887771033 12.532301534698963 19.65086034647515 
13.912582587875548 12.53833300780984 6.634116062023162 7.161485875568635 1.4686960462912242 10.43905272060867 10.553707849683109 15.352983037490507 2.014906591903453 3.895346136619078 9.576201268577345 0.0 16.543200336601725 12.1931535131097 10.303496212392579 7.516330257687183 18.48469327477057 10.657572968784159 3.204149491647748 12.597536762841912 12.349933454438446 9.640460053926228 4.126696987416255 4.2408947041254565 7.886204573388976 14.661627263340243 9.324919888689784 12.112400382914046 2.606417505040338 10.072579664917097 10.461945642038403 14.493775308790624 
5.322834902054231 1.3057427028385913 8.955405932892017 11.879374694041699 10.522397352205541 12.711369541829637 8.279088623803549 2.044455135089783 17.721557535749824 15.709719881726617 17.76442192617557 17.957097286048114 0.0 5.538885724495831 5.3472296033799145 9.82555199309648 1.5229440597129997 7.050219064769358 13.684014427522792 5.379320706378585 9.882702613787009 6.55988586296687 13.26459327013778 12.838450024316685 7.360055599187742 14.205225649708911 3.1359744764126045 6.686476900407715 13.07046294861578 11.800441569051836 2.382007189544978 8.179262380283246 
8.604174477122934 3.747800412233827 5.787377534235039 6.221189214946441 7.808325007142277 16.120562248786413 4.583548589293305 2.3125457381631636 13.044486703121 12.309039019198927 19.43476470614985 12.985466351769407 5.668606395393468 0.0 8.038643927209876 11.39765328774379 3.1316491257492434 3.595320726143519 7.206241041758012 4.4364391422139 10.328722904869466 2.138281845688979 14.128541093583104 5.07436163224157 7.844370943709695 17.25258154810794 5.354382601801735 8.284175062871084 10.016663563774536 13.268756097591861 6.216772678145208 3.6081026054668244 
5.297385148874259 6.721738484460863 9.23941597747668 5.813883521241652 14.090822484142734 8.717508356102748 5.473699120233453 3.6668977199237642 8.678057461167963 8.160017312563172 8.925132400634206 9.494761367295773 5.735297439828362 8.12799785484459 0.0 9.586569051057124 4.74327700226935 10.171173792660275 8.519874509188242 8.44709224593501 6.618991313404103 8.094047095072503 5.98977802067607 6.90208805804204 0.4577836873524896 10.37133219231946 3.724136319870904 1.4141532861964534 11.291149630593221 6.393681775014788 4.131102147805677 6.998781562319984 
11.365778067748092 16.595340772639087 10.533082377705382 7.598856066641217 8.29584980235365 7.222585709829377 10.999160336767584 10.336996238506156 5.344625556250711 4.004440886003613 3.3529973021432955 8.934571064043691 11.628930581585745 10.757149508593962 10.335832536155031 0.0 15.353489020659863 12.288901504584485 7.445119413011971 21.344793473704677 6.746162768201873 16.186516377972993 3.743545585100823 13.034316851153076 10.823647435617545 3.539406158273647 14.937695881912237 6.901199080785037 6.011655626300009 3.652687302165805 11.304224250471192 20.770270491091694 
3.2085526856120516 1.1542209031437065 11.48657271119729 8.685132628962137 16.666992996554175 10.822926737915346 5.881037546847049 1.9461798380261972 10.154950992099398 10.389782017298655 16.6584455819201 15.935607394048107 1.7998692403765266 4.965149526789119 4.246685894669106 11.249920187135718 0.0 4.922263184691968 14.375464626814047 4.804874072580368 9.729298293791794 4.216589730300935 12.9645318716579 10.801708802929415 5.747160469226246 9.402884913580687 1.2372643560536893 6.8098476735376465 13.442850823089906 8.197499292629935 1.271564883863478 8.151099806138673 
10.740509705504245 5.072327930292237 4.517507856836314 6.8971080561912705 9.718037707463237 17.16944141511083 6.085423090944978 6.487011170740281 12.361034108899501 16.93764558284451 17.173150820866482 14.129151858529415 5.376847863702362 3.046707988647263 12.443228094098332 16.812288504890837 5.45773342309978 0.0 9.317701233789677 0.24731611417351312 19.060995751916757 1.74698807508736 14.488064039728926 5.890182842592451 9.65992072563057 21.5783419537945 7.026423758698167 11.35738884624844 9.795003274780418 18.985502049415732 10.08376551785399 0.9548545045652644 
14.707900715944627 8.033387070074976 7.674519094246529 7.240577668734176 4.324109131742969 10.979330285408379 4.671964804273771 8.452148665460975 1.1024018032264598 2.272621026996638 5.204280537214582 4.229593504955433 8.373711807313837 10.820994935442553 5.651368545048664 4.785818477552974 10.389001157326327 12.432615016229558 0.0 10.339080502817776 8.044813462006111 16.12813940979965 2.293740896141662 5.059898833084782 5.842908234940759 11.77684093774871 8.747606294841287 7.228067681911772 2.235886062889721 7.520547966648243 11.90508763454606 16.31186744096069 
8.914585485001973 6.3416092114157365 5.669719872708923 8.422187826114012 12.816524208795014 12.293331170299815 8.517588838523313 4.6107854170429565 11.879713147213494 15.24996631650215 20.58870764172245 11.8370041547536 8.263383283437634 3.533922552518315 9.849101493800145 15.354108624167857 7.485952650098823 0.2723249953350892 10.488840509376798 0.0 14.97290699231969 2.1411763839379088 15.76424772984914 8.228560383597532 8.806895794023763 21.469161875596967 6.853084165443132 8.891443986658466 13.130674326964256 11.822667596068582 9.944794612053343 0.7257273719194914 
4.720299359980552 13.349278621800106 16.99828332835007 12.719623357252605 14.563375754508877 2.898239792079234 8.451582759630682 11.615344419089954 9.179838714573439 14.014336107660577 4.919706760479958 14.464839049720023 12.482643850714362 14.367900304780058 6.518169086834421 7.937576188679195 7.6184511309937815 16.533500148147304 9.28527894497806 13.553821723043436 0.0 16.881815891383525 11.462279851001131 15.71995435535212 5.573117368834908 6.349721261015103 6.353633085747222 4.817281460633794 11.384692781417952 6.049213046725802 8.00382361544189 11.916501504115168 
11.434636934624008 3.2142915970705244 5.338533475456425 9.622459559450574 10.004789363306083 14.404814248312132 7.5759542449222845 4.75950346890896 11.6517604371376 19.78316056535975 13.649954639390714 17.24405278730136 3.8001475975810615 1.8869209275705514 10.723296530158395 12.22405438212543 5.142280498353432 2.396360756331143 14.219617856157097 1.3030332392681103 11.702741498004375 0.0 15.38185476017416 8.265640823572072 9.752564347199199 23.232367305671602 8.7065155596543 11.777790938341305 11.675055991188689 14.51295609563721 7.957560459555754 1.4525711345120804 
9.257863714755054 13.421474125963423 10.454342115171476 9.20208211498873 6.217089886096206 8.939342738977853 8.973383959562689 8.196875179567808 2.8162433936478006 0.64757326727758 7.9434059196820614 6.201049744136311 13.190289028525847 11.07240241905765 6.827580149766323 3.0403986077956806 11.395629807908238 12.99599340509414 2.0074525375972296 11.80225282166979 12.745758776963397 15.906201260838799 0.0 8.871392790814548 9.522179152877719 5.95030694777516 12.39554715223517 6.111675379891556 6.321600585744931 3.549209881086602 13.888856815166136 10.36004356762523 
9.712896800081259 10.542596875790505 1.535336175649523 1.1617960372739038 4.767715982176524 10.598116593490017 5.041566828536114 8.100592671142861 5.593220728108005 6.935523885574057 16.51598292167527 6.590430207805511 8.005249470918574 5.264260309463886 7.559098565434191 7.867144536598601 6.639037523817812 9.47677524223537 5.081973233269451 5.386991130454017 8.947742686274665 10.799296317860009 5.728326660176738 0.0 7.3440207841970455 14.78181756369245 7.349338115968943 7.9678256942583445 3.833638655781822 7.087329010725726 9.095225313317993 10.728658372148594 
3.9320279272158087 7.031792558607913 7.560137582740137 10.824852283596698 10.65963728256115 5.644463601910021 5.772390768186895 5.974544230440153 11.072498254088854 7.133019956428116 10.090593699586648 9.997617277103922 5.059697268872523 6.787848493975222 0.41109632889610026 7.59953832236492 2.9318006489635584 9.00161645794067 6.837756497504264 6.87861948752918 6.0375975910819975 6.949040600798835 11.691636325715336 6.230914585256681 0.0 11.033150419955053 2.4874327146163155 1.125476629599958 8.749603166894053 7.132620057503373 4.24156753108641 9.200234255126272 
14.541183176933078 12.169234661834656 14.747019574995251 16.030787140129164 17.354967964906468 3.011737524937891 14.789116827806193 14.462819667949853 9.617376876424725 10.228026073601528 3.1648121138145995 10.929199538538267 15.92186520072 15.019246506235339 11.613572524543082 5.403508496086138 17.056394393633685 19.29724845088238 7.8506717182304175 15.093383346548512 6.289387292411631 16.90962981725243 5.914795200127677 11.137324371986153 10.018679884585136 0.0 13.202383151600218 10.660590897494789 14.838015994554969 5.64725862227613 15.210902933046253 23.544195667810524 
4.030857576650173 3.080806738860767 6.643159924538173 7.6964091811930615 11.527412899338678 7.72564757580926 6.562386853729438 2.9634920200046593 9.906985707301708 10.790340230132024 10.57738612468595 10.423892337715404 2.4320801321871492 3.198132412310554 1.9608301986493586 10.404701139155318 1.7424417884921803 6.141419042460485 12.462229352177598 10.160910018181532 6.889217260447657 5.997719359408448 12.492525847023071 9.850261360902287 3.9482835666281813 8.753815531535789 0.0 2.8310190963492943 12.42183171413636 6.877564434974052 1.050195386251705 6.680312429990644 
4.343834495757879 5.575596513258397 9.130009125835894 8.198320741047748 11.311945439594169 4.333142842586036 6.451963313681826 7.814382813933754 8.674016228283527 9.098457329900777 7.300355685053366 15.482198784002843 7.088037239093001 7.507253243427207 1.462988493795111 8.633110337192997 6.454954954550734 9.55028277058272 7.631807989612135 11.634261070564534 3.5979432320693463 9.426003438386632 11.055297860649533 6.504731186135337 1.5804318449377246 6.78556823725784 5.092579146692579 0.0 11.46223241860995 5.358466278324175 5.503066577762434 8.708510620339052 
12.969557082524489 11.257852647647354 4.964330920748573 2.9080826585454087 2.4625303824477554 9.499012551338698 7.212619168893236 11.808173522188635 1.3445753183039881 5.352575391875421 9.9649362072544 2.2386120689853266 15.801989022699166 8.161540698660627 10.947785930281473 6.9284592460964145 9.927575397661446 12.3487131937191 2.1343597609435707 14.191130246775916 9.208359756604493 7.6341508413791965 5.831835373031137 2.064280956177708 10.860441143760012 10.089086341158582 8.705692207994437 8.277857613332255 0.0 6.633692415951509 14.346994253294767 8.897725577516036 
7.597713247169853 10.587581237041611 8.952532772418127 13.445208725508778 10.06309715850762 2.9098093119818014 9.63596213346807 8.473056523596536 5.40738744312414 5.59220974260188 2.731123947632663 7.154200096509846 11.001459039590681 9.652939933469066 7.736995273888963 3.187278797423237 7.133474463757369 15.717808234206277 3.937522224198466 17.249305773204096 7.320119348765201 15.731394562048097 5.011022766528296 9.511669891968852 7.102881417583202 3.437494924815206 12.124504213369107 4.691518792967628 8.76262604814828 0.0 9.07218405077595 19.446953086441024 
1.9912226288985735 2.0708698982310323 11.964526636526095 10.299439031483226 10.781379684344126 10.524003767276422 5.744438279566784 2.4920538211387138 11.775504162811213 13.59442742046851 13.91831221992068 18.285642212791963 2.1838397614839726 6.773624764073153 3.9037590543343232 15.100949849351377 1.0889977124099532 7.860140690842293 10.777392629596537 9.764156869250812 8.618964745563654 6.336939098536366 13.112578290407539 12.740140943161204 3.2881701428136343 13.4802155380308 1.3167016180942595 5.304259406217165 11.773865566586615 9.884951897821253 0.0 10.385619117433027 
10.183238314584568 6.993773443571113 9.088838632715262 8.415774859286449 13.802537730121653 13.89461144320733 8.847570034766541 5.692197126084269 16.97960905516689 15.84585525767011 15.1881198815828 15.936079227222905 6.262236460175956 4.614482544874072 10.113281270836918 15.59400392975867 5.249208465199867 1.0369084925980778 12.558469901793092 0.5070226927491135 18.07181804184662 0.9613957351303001 14.847848488480066 7.1683925882090795 13.096454117229786 21.692548574986482 8.52490052619821 8.71437446867143 9.02302900320818 18.08018841027429 8.228226364343007 0.0 

0 19 21 6 19 7 12 16 6 16 8 14 21 16 3 22 18 19 1 24 8 12 4 8 24 24 2 20 15 2 14 9 
