19
2
160

0 14 19 33 22 23 12 22 32 32 21 28 30 31 30 32 39 44 16 
14 0 15 19 12 24 12 19 21 27 7 19 16 33 17 31 27 31 19 
19 15 0 21 26 10 7 4 17 13 16 33 25 18 29 16 24 30 9 
33 19 21 0 21 31 25 23 8 24 12 25 9 37 16 32 10 12 30 
22 12 26 21 0 36 24 30 26 37 12 7 13 44 9 42 31 33 30 
23 24 10 31 36 0 13 8 25 13 26 43 35 8 39 9 32 38 7 
12 12 7 25 24 13 0 10 23 20 16 31 26 21 28 21 30 35 7 
22 19 4 23 30 8 10 0 18 10 19 37 28 15 32 12 24 30 9 
32 21 17 8 26 25 23 18 0 17 15 32 17 31 23 25 7 13 26 
32 27 13 24 37 13 20 10 17 0 25 44 31 16 37 9 21 27 18 
21 7 16 12 12 26 16 19 15 25 0 19 10 34 13 31 21 24 22 
28 19 33 25 7 43 31 37 32 44 19 0 16 51 10 49 35 36 38 
30 16 25 9 13 35 26 28 17 31 10 16 0 43 6 38 19 20 32 
31 33 18 37 44 8 21 15 31 16 34 51 43 0 47 7 36 42 15 
30 17 29 16 9 39 28 32 23 37 13 10 6 47 0 43 26 26 35 
32 31 16 32 42 9 21 12 25 9 31 49 38 7 43 0 30 36 16 
39 27 24 10 31 32 30 24 7 21 21 35 19 36 26 30 0 6 33 
44 31 30 12 33 38 35 30 13 27 24 36 20 42 26 36 6 0 38 
16 19 9 30 30 7 7 9 26 18 22 38 32 15 35 16 33 38 0 

0.0 2.2536988125273743 3.2627338685632057 4.322678826996373 3.067901814399014 2.375526728632545 1.993643376428169 2.6248474602709564 3.791223289512734 4.388364470572825 4.039325822359537 3.339277230149083 4.166526131616381 3.5467172488808587 5.761293088034289 5.861184001491187 5.12124759997982 8.355248617516747 1.8977518910145736 
1.4729562599090193 0.0 1.9237208714836407 2.3251054276735714 1.5683917177798603 4.288076124655836 1.7058596198546716 3.563988834243826 3.68912922092559 4.239793082623783 0.9435341267332916 3.6013450536732137 2.209152716026762 5.35433841808384 2.531054904147045 4.211923419027457 4.035917237660474 4.5192869446389965 2.9766317257551544 
3.401504784752352 2.0667693833311773 0.0 3.365498011646745 3.6252516538773447 1.4541986122679864 1.2308091075104581 0.4422719250952403 2.68218660759594 2.277645263610061 2.3094071818561224 6.401442073460198 2.584256343432311 2.096403705079698 5.434824966528067 2.8985807995955035 2.431106712898595 4.133240118644001 1.7097366878757334 
5.926860081568089 1.9998367515924356 2.507251811018256 0.0 3.839047982659954 4.196188566679892 3.4648327159753567 3.302695919989808 1.3021839405004942 2.8919825092625997 1.3673807837501226 4.235426628922563 0.9861531477437199 4.935874808485272 2.575447040801193 4.885653538435724 1.8231273298616744 2.1993176389069964 3.3216364252875654 
2.5333922124209374 2.385505155138561 3.525237282413294 4.10766191178292 0.0 5.686425023399638 3.876093734210924 3.3547860166796215 4.6480717375326215 5.873510095034371 2.1670997650836807 0.8896450940882762 1.5680560682729707 6.675059564092708 1.344746963524178 4.769653024376178 4.559532655409957 4.4769179956641505 4.983113712730201 
3.479365250429833 4.105384934565743 1.9065994861344269 3.2933377025535866 5.946650566176086 0.0 1.5677515230140404 1.4323262582386787 3.2548899371168147 2.5336519305639937 4.269530020990881 8.361903374934093 3.602003173074124 1.3686522827429322 4.735342613328372 1.4537659200819966 3.7189170761409347 6.085838969766545 0.9346155912341785 
2.3554245468851396 1.2402635076063686 1.2414328863524875 3.761584432205267 2.4874753906837683 1.3260527275810647 0.0 1.1609655125415732 2.5679952481337778 2.508617218377994 3.1259727980202854 3.1960758874002777 4.652124295684322 3.737358789685856 3.543134952525719 2.803679824448074 4.994833534704615 4.724899417718248 1.058419224926574 
2.809103794724609 3.1103084539190196 0.41532371203211893 2.531114288013085 4.047919173491395 1.477068544197106 1.3126808030537913 0.0 2.021047491099532 1.0618947751438332 2.3928071913759688 6.663422511340237 3.768222533067664 1.5281615655789664 3.8142173792208016 1.6318248551895207 3.3235434855903576 4.094344444230498 1.7728912295572834 
5.172671244004031 2.64266374287416 2.1390969926087946 1.5754843707803279 4.296442389302029 4.445466267016815 3.065878625127175 3.236278249929607 0.0 2.7201529228719146 2.5487960071766222 4.882178174957441 2.9292307996796714 4.0630299363197615 4.339757767562472 3.54284637848201 0.9629226182952653 1.332709527056726 2.9946881569597372 
6.053345638661163 3.890377787213894 1.7662203824560576 3.2758448253283454 6.342585975062324 2.47883322851971 2.0911190500217973 1.7827208580985259 2.080884827657232 0.0 4.82644975062151 5.9760336072261575 5.4131949370573595 2.192561078040635 5.660265473568566 1.7035805564290554 2.515937591057237 4.718284517396056 3.3684220438009693 
2.6315300293968695 0.91257012802911 1.9612063073644892 2.23637526021589 1.2940163703354388 4.570814242365587 3.114023314456999 1.9216006183726935 2.841177824987673 2.8661511076702455 0.0 3.612553516414188 1.3093639916233957 4.81812794390515 1.785198883105035 4.695552794994805 2.1531337352805027 2.9473677725662917 3.7642140213863264 
3.041867606141469 3.2534074331893654 5.10900958235609 3.244754802921402 1.3507746999015522 6.113121481369459 4.5738615465329655 5.588981461498312 4.385997780724082 4.79711260616571 2.5775529808076216 0.0 2.714072936042851 9.53705188379853 1.9403033427125014 6.882993136872868 6.337698570018011 5.280402262424758 5.611295576462842 
5.866412230609832 1.7823407369245148 3.5244258553954886 1.2497495060706427 2.4560231915601864 6.898557576183023 3.0905696574356405 3.8725544858354555 2.0396638747174602 3.1736982848552455 1.4936506721215204 2.6310326925363547 0.0 6.496600473166005 0.8233907251586595 4.0235458296644815 2.709574482801142 3.418114972387038 6.331331501181051 
3.8889922323767014 6.103582635107918 2.856245016102844 6.397278012694376 7.088393741148051 0.9645913828453959 3.7131557296508717 1.6600074222854577 4.0009991102500795 3.085202460671117 6.62087813596755 5.377716082807494 7.634664916919073 0.0 9.228040796519839 1.3210594632686425 4.877892614347587 5.336976889914621 2.7738012914623704 
5.7529772921025035 2.5546455748984656 3.349922641859719 2.080008827462186 1.3847170200606271 4.313125096810167 4.42970652425339 3.7600536192572505 3.0681930411721225 3.9408920084404153 1.9994308749702139 1.8389913276321352 1.1407459583348678 8.791193227842886 0.0 5.934198682501823 3.7910245874317723 3.5830282356691106 3.8321899990627437 
6.393626660940573 6.143706613312867 1.8546664661790588 4.171430763669998 4.820857520095649 1.4231954882787976 3.0997030488181854 1.7952993681955585 3.3595385677211587 0.9342303188267402 3.567146986554178 5.900649089892903 7.155899565904155 1.3785540442090727 5.737838889118697 0.0 3.391458412742371 6.713156554703826 2.3390862757946307 
5.885440799827475 3.837702139128645 3.179009298293899 1.4792683431220597 4.253023429305375 3.4789603277457677 3.575595484888314 4.248564245892046 0.7436104678353579 3.3247235968626363 4.008669030545668 3.767840208209588 3.586085441463399 4.353708817361588 3.5183119835548173 3.31265457164265 0.0 0.8720199035580141 5.318810380084213 
6.339995056510832 4.305866615242034 4.672469797625439 1.9650195285206986 6.169118334326344 7.091411080833358 5.294121494217877 4.49678232388062 1.5044838292024514 3.707821354491215 3.160493344632139 7.132251323364377 3.850786538695552 6.814564032825831 2.6040720426845696 5.856053253385952 0.753098206640711 0.0 6.166745917081052 
3.0606030567495197 2.4326988856060674 1.3165746255677684 3.4368175042008935 3.471131653924247 0.789421395060631 0.9057992094678974 1.7144079836594006 4.9673387744878195 2.1964604370066056 3.7769958323344808 4.253773027916637 3.3885788560793775 1.7059231729097033 6.548476785643771 2.8065286508810945 5.215496482799636 7.364624750744714 0.0 

0 19 30 16 23 11 31 15 28 14 8 7 14 19 11 26 17 6 15 
