16
8
35

0 14 21 33 22 23 12 22 32 32 21 28 30 29 31 30 
14 0 12 19 12 24 12 19 21 27 7 19 16 21 33 17 
21 12 0 15 22 16 11 9 12 15 11 29 19 9 24 23 
33 19 15 0 21 31 25 23 8 24 12 25 9 17 37 16 
22 12 22 21 0 36 24 30 26 37 12 7 13 30 44 9 
23 24 16 31 36 0 13 8 25 13 26 43 35 16 8 39 
12 12 11 25 24 13 0 10 23 20 16 31 26 17 21 28 
22 19 9 23 30 8 10 0 18 10 19 37 28 9 15 32 
32 21 12 8 26 25 23 18 0 17 15 32 17 10 31 23 
32 27 15 24 37 13 20 10 17 0 25 44 31 7 16 37 
21 7 11 12 12 26 16 19 15 25 0 19 10 18 34 13 
28 19 29 25 7 43 31 37 32 44 19 0 16 37 51 10 
30 16 19 9 13 35 26 28 17 31 10 16 0 24 43 6 
29 21 9 17 30 16 17 9 10 7 18 37 24 0 21 30 
31 33 24 37 44 8 21 15 31 16 34 51 43 21 0 47 
30 17 23 16 9 39 28 32 23 37 13 10 6 30 47 0 

0.0 1.5681994927125804 2.294154635406554 5.1231618344865755 2.2471476006083306 3.5163147876388194 1.2967000718785662 4.228781107311249 5.14335845643782 3.768774839150467 4.092323650820422 3.1562905292093038 5.776835026098913 4.573634441306731 3.409324185470077 3.460093438001407 
1.7346945594330117 0.0 1.7801614146068532 3.268577571111952 1.2446794102138155 4.3226397753913925 1.9246008448375551 1.9290803763566526 3.402833645087184 3.494229448265969 1.2436892413177354 2.7264673660828254 2.3656352839761254 2.3748203349574304 4.154189675457869 2.6925705199678185 
3.342220583494553 2.240715491129965 0.0 2.187464514572617 3.8432488098289497 2.5000779470480308 1.7638527999489435 1.7608003378608141 2.0660079041601502 1.7833979333133196 1.6497582076229385 4.634077776962542 3.2442800616039413 1.6639809713507239 3.195322762974441 3.7075212888799554 
5.519135330444582 3.290527255246724 2.8221911682841947 0.0 3.036024780978917 3.686662215779943 3.5866569936111556 3.157822205951131 0.951605266498183 4.279263085897709 1.2032774275740106 3.092273954929842 1.4204413788855108 2.8447697425355427 5.0665876645348344 2.8579484373621336 
3.177862781088902 1.49987963311457 2.8336829420555008 2.547453115710733 0.0 5.336230933864699 3.9653690283656613 5.964799118224811 4.421595749813838 3.9577421973770477 1.4679098300783684 1.098621892758277 1.6280509300019452 3.3012804119622836 6.818764141412739 1.235072591342227 
3.50532569073905 3.8411222144156327 1.6657926662802405 4.769712841259228 5.750672258504434 0.0 2.2991735116487098 1.2982169507833923 2.5347962262437367 2.1106951668405936 3.7894019023229224 6.17280373305363 6.420949944652324 2.966399968704476 1.0472540748306491 7.5430644534186815 
2.12827930028966 2.20256457466241 1.9178399302973992 3.06937895960544 3.0432788730981266 1.7844930022539265 0.0 1.4800986793586757 3.670400291338676 3.916367943652589 2.670713768804889 5.372135336050414 3.085401865610489 2.606444727221084 3.3747168826971414 4.060061519887455 
2.3865594941537402 3.5110980600714417 0.9927680978995503 4.3365614759006865 3.3471819216706007 0.9522623024649127 1.7323135471640687 0.0 3.0364286593367797 1.229824669872003 2.476321029288654 6.523540303542731 3.66154553401464 1.558655470918258 2.7278464682758075 4.685511540912374 
5.932218969562733 4.069819504540314 1.4227947597253054 1.0526187270874054 3.433392160598051 3.697981995692082 3.483872562116522 2.3521127024346757 0.0 3.043685011680005 1.6543579865242874 6.35834880169349 3.0263616995640064 1.1307447764514809 5.441865476556867 4.078682642230981 
5.271217126555445 3.986426458058205 2.882281984027629 4.008536296534536 6.1998848644374265 2.276851364344709 2.46714406996145 1.1668875356479067 2.923299836883349 0.0 3.5756037131035696 7.440514313957186 5.529088713722272 0.7439294561002515 2.1059161466108343 4.248026204063372 
3.2760232388949975 0.8162126229458044 1.5025284848805582 2.107778086456489 1.2852710412850405 2.6965870913420935 2.90264959187608 3.0399983871485223 2.689435525585797 3.5255239368171285 0.0 2.020618915063784 1.173173835495845 1.8906162560431232 4.302146004023122 2.0673542010420474 
4.940196640328882 2.6605633720458246 3.5195329608914805 2.5178319478833164 0.9055763928598723 4.712520871189286 5.089762361905269 7.394681038666325 5.959138040508332 8.747026528458164 3.1682853806818505 0.0 1.8019651137534685 6.71877877952792 8.370579564655237 1.6245460074164264 
5.251318131503446 1.952509001756195 2.027544747690922 1.447750998394774 2.136929599145605 4.7281645078623615 5.127394229820101 5.161881800221723 2.5299772989457594 5.982508168069701 1.3427415614977107 2.2458912586580135 0.0 3.0351047548315746 5.561248399966355 0.6755143969601765 
5.09879436361871 2.87442462783958 1.7630788082808424 2.193509874767649 5.6038526635955055 1.6727997254755271 2.9224039426370654 1.7879056928228674 1.6755230771037521 1.06186240497916 2.242405285585133 6.233324585896046 4.512817947004244 0.0 2.199313016052204 3.5449518704314635 
5.892207435699639 6.4082767797057745 3.9069951203599906 4.7129462385595335 8.396461924576862 0.8983305321895902 2.359757454977165 1.8261702700282294 3.1899934088337005 2.144371421640069 4.379512634013605 6.548991077738741 5.963118465620649 3.0516645978757904 0.0 7.000106193734657 
4.436591022881059 1.9363559851402532 2.412541739785794 3.0115079740774715 1.771385165028859 5.179838979676656 5.040361418784771 5.173324676641687 3.1093100430337812 6.609637104995883 1.9615364357621585 1.3974992570722302 0.674288518432081 4.1441720319014035 6.791239132016271 0.0 

0 19 30 16 23 11 31 15 28 8 8 7 14 6 19 11 
