20
2
160

0 14 21 33 22 23 12 22 32 32 21 28 30 29 31 30 32 39 44 16 
14 0 12 19 12 24 12 19 21 27 7 19 16 21 33 17 31 27 31 19 
21 12 0 15 22 16 11 9 12 15 11 29 19 9 24 23 20 19 24 15 
33 19 15 0 21 31 25 23 8 24 12 25 9 17 37 16 32 10 12 30 
22 12 22 21 0 36 24 30 26 37 12 7 13 30 44 9 42 31 33 30 
23 24 16 31 36 0 13 8 25 13 26 43 35 16 8 39 9 32 38 7 
12 12 11 25 24 13 0 10 23 20 16 31 26 17 21 28 21 30 35 7 
22 19 9 23 30 8 10 0 18 10 19 37 28 9 15 32 12 24 30 9 
32 21 12 8 26 25 23 18 0 17 15 32 17 10 31 23 25 7 13 26 
32 27 15 24 37 13 20 10 17 0 25 44 31 7 16 37 9 21 27 18 
21 7 11 12 12 26 16 19 15 25 0 19 10 18 34 13 31 21 24 22 
28 19 29 25 7 43 31 37 32 44 19 0 16 37 51 10 49 35 36 38 
30 16 19 9 13 35 26 28 17 31 10 16 0 24 43 6 38 19 20 32 
29 21 9 17 30 16 17 9 10 7 18 37 24 0 21 30 15 16 22 18 
31 33 24 37 44 8 21 15 31 16 34 51 43 21 0 47 7 36 42 15 
30 17 23 16 9 39 28 32 23 37 13 10 6 30 47 0 43 26 26 35 
32 31 20 32 42 9 21 12 25 9 31 49 38 15 7 43 0 30 36 16 
39 27 19 10 31 32 30 24 7 21 21 35 19 16 36 26 30 0 6 33 
44 31 24 12 33 38 35 30 13 27 24 36 20 22 42 26 36 6 0 38 
16 19 15 30 30 7 7 9 26 18 22 38 32 18 15 35 16 33 38 0 

0.0 2.7026631410056146 2.3053568155012054 5.843268825457333 3.447362185092061 3.034171193405024 2.376349827099769 2.845534498341676 3.997865358929083 5.528478131507919 2.261104332030416 3.5254414606896622 4.412381404483332 3.966562606048929 3.3379318059499994 4.525735594722687 5.978995481205256 5.594080664421431 5.310512932901661 2.0625558709694007 
1.796181298578683 0.0 1.4040816048682698 3.798372677489605 2.2964085947896127 4.702205224380799 1.74052510961836 3.362904561282418 3.1702790398795786 3.204189589901404 1.1979867634781654 2.3820530389321926 2.7076908649251177 3.76744717463807 4.967067595505951 2.161111210267573 5.0728421393389675 4.322198799647338 4.770244668928417 1.9667563328771767 
3.156971593992549 1.4628618757215166 0.0 2.263918387729242 2.674416373504757 2.450836102701549 2.0947747154310417 0.9823474934787348 1.66807504989896 1.636253808957861 1.9184211926400985 3.5187244494817738 2.8582090540610605 1.0904419247381376 3.5208064588085106 3.77112056732405 3.3278948101996786 2.843892875196329 4.1932348230382335 1.829437452332682 
5.464193198583706 3.3383680714954265 1.9754833022012874 0.0 2.7890326191538133 5.618466474658625 3.9443158586855263 4.347595776863425 1.3760592717677378 3.4961822129942632 1.618166421028496 4.404923362840814 1.6019494454944172 3.3082906142686626 4.157801637397575 1.92875969023909 6.258486531002187 1.73241114084709 1.856252754364088 4.450272880754488 
3.127078510460414 2.16764636152557 3.6841921223044762 2.3649453723787808 0.0 6.961963215981232 2.417264502035846 4.284707053609796 2.7455490594633143 4.727322142788833 1.4272042050689364 0.7523156268254593 1.7664205904081163 4.135384264995125 7.698719996723992 1.3802165444066565 5.0455353443563355 3.8384031854816776 4.087653605278222 4.895523340174998 
2.5160117997657547 3.1071432525765093 2.63932524131483 4.023941503248864 6.106472391403394 0.0 1.3828209981227917 1.4373053245959246 3.768806323317947 2.054360121863901 2.72122370207377 8.201050129928802 4.309396909173437 1.6846116968388913 1.1528774792898786 5.492065728468548 1.1526003794210533 4.913471655764922 7.036788963969144 1.3390531150549614 
2.0175775518840418 2.2253496506102257 1.42694465115278 3.939981061294334 3.476449468938767 2.5742999034072045 0.0 1.4390053779980212 3.150580897944797 2.8811704186609273 2.0195168576856224 3.7708481865922434 2.616683123220211 2.409330937891178 2.2726610482566283 3.18097989278828 3.4497212788323424 4.206077735765678 5.618660429317192 0.7307768764166411 
4.090329532821813 2.1843143738295367 1.0566804157979264 3.1236094986409726 4.145071090371084 1.444888291861625 1.2433967599334403 0.0 3.3624854223065497 1.5140623709916048 2.392416851655627 4.7484781080607465 3.7383904208981398 1.3506165337067546 2.6446890855279155 4.048414221515404 2.3973742972088976 3.934393256360774 5.194819269826464 1.757252642650259 
4.467752791549393 3.658916402030246 1.9791961247476255 0.8465677104270478 4.732580060117343 3.4764007367099445 4.240303531642707 2.602975781698074 0.0 3.2879335599480655 1.7400772161077618 3.3951903803688563 3.18822236719306 1.4091184329243178 3.558025911909124 3.852201624479891 4.283393661354351 1.0552938279144404 2.0022055090420374 4.093800240011868 
5.269156577808513 3.8029044769143385 2.9507768414284006 3.6113600202160887 5.787330647142308 1.6056675686638666 3.0295657952900243 1.1499528626083662 1.957349345128186 0.0 4.900430135720457 5.23413654469742 4.519706755410096 1.0546852682756596 2.00642562641393 5.523798874062533 1.2633867874824194 3.490120664365741 2.9572923086715197 2.401882751224103 
3.8697635146389904 0.9497057431672278 1.3752810781324412 1.9242908779581607 1.5009637637377473 4.946114743355973 2.5660539348629188 3.5364984247714846 2.371295621488277 3.1910569172127747 0.0 3.3240412988232397 1.3376458086947365 2.775174777775135 5.866300237386227 2.2119507866577512 4.53953425432168 2.302232078501286 2.469243614085159 2.4626256331198926 
3.373969169896247 3.344577011790585 3.8109160316972326 2.9626280537249605 1.1957207250872366 6.339302987686288 5.1430483200206965 4.643928192381977 5.673072475621911 6.285112442903154 3.0786986620250403 0.0 2.880518527979722 6.565126296632172 9.933488304659962 1.6099340676109342 8.400752688866557 5.875297076237521 6.5368454925215085 6.298087363973727 
4.014351781409353 2.1943451138907357 2.8511932718137505 1.6471551853015138 1.9166697551281908 3.550240483342027 2.8007758691414946 5.015510551241744 2.9393823722083976 5.167219475772512 1.8943905606422131 2.573529048881807 0.0 3.2783448646837012 5.573886613929825 0.9536140811749603 7.164790703361463 2.5648940212171043 2.604098674166549 3.8587384538494405 
5.748416550809122 3.684856480253644 1.5576420154912707 2.1320736967301657 3.8756200940403325 2.7063624023298205 2.6557410596033257 1.7916469572049238 1.4838351432961145 1.0315851518255983 2.096140087433447 5.034089944121611 2.576831016479689 0.0 2.9055144628913614 4.775432463036406 2.1277415776117112 3.1156447372384597 3.0630775682530786 2.4632209538879706 
6.034108432239039 6.0982377063296385 3.9032047361477256 5.599722079241043 5.170585270594228 1.3423273558716737 2.299926488173926 2.422224411026317 3.6413726918068887 2.6238111812085245 6.294938448216653 6.682026285169775 5.4491541514419115 4.076855299637499 0.0 4.737763523156234 1.3426238980283487 6.883451939561511 6.634661651256859 2.503547722434227 
5.907094386306406 1.938223546735299 4.272500142724698 3.035341604291705 1.4365055347064417 6.999095697201007 5.463994037000478 6.387773251169935 3.741889082585038 7.308587484216363 1.4932059528570547 1.838243567561781 0.6887287252492422 5.651306364233786 8.12617880039694 0.0 7.09619160458252 4.801933885434243 3.7181321758514123 4.311773512838823 
4.213980111201035 5.388797398474112 3.664948318223588 5.967236630515373 6.028933370097081 1.0288101405745897 3.7632190383175903 1.2629789500095816 3.350073407337928 1.5201446803933059 5.7383438851904485 9.165297470454584 6.561497732779916 1.9924698357014576 1.3294984360402826 4.916158294128011 0.0 5.986510961512936 4.394332220574941 2.470579567116577 
4.555961338446041 5.3731691836711795 2.7829940255817074 1.800214034592972 4.976089499801765 5.234635489972993 3.0282764089655783 4.085400883247405 0.735612925651372 2.6365379206699773 3.454718649388027 5.654918472544041 3.743288482695915 2.0232894294512818 5.411133242207767 5.135601996641496 4.52449540794989 0.0 1.0054010403913831 5.961049654941236 
5.291064859819162 3.483338815085439 2.4734505666993654 1.9957907385933529 5.492171962929919 5.3842815497373255 4.585387578585246 4.490620918925382 1.9474255780427372 5.242976491479718 4.133322292247336 6.760981052848173 2.9785548311822345 2.493280603471619 7.904611416162524 4.373762125166477 6.7643277258866465 0.6644570604586935 0.0 6.9154196789331115 
2.1830187632840685 2.9899712782987016 1.5819226009190102 5.525463887507609 3.9588082579450896 1.1548819104925572 1.3860166835055328 1.1555383968292077 4.19132381344801 3.4920426048944173 3.4638356259646006 5.424475322767631 4.18057710163872 3.266787262970129 1.8963973016393472 6.1173110973161435 2.390485088757526 5.588942159694576 6.067506352517837 0.0 

0 19 30 16 23 11 31 15 28 8 8 7 14 6 19 11 26 17 6 15 
