22
8
3000

0 49 48 42 41 37 31 31 24 28 17 23 11 16 7 20 10 22 29 31 32 34 
49 0 9 23 26 21 19 24 27 30 32 40 47 55 56 57 59 71 72 78 79 83 
48 9 0 30 32 15 20 19 28 25 31 43 44 56 55 53 58 69 68 78 76 81 
42 23 30 0 3 34 18 33 19 38 28 23 45 40 49 57 49 63 70 65 73 73 
41 26 32 3 0 35 19 34 19 38 28 21 45 38 48 57 48 62 69 63 72 71 
37 21 15 34 35 0 17 5 22 11 21 38 31 47 43 39 47 56 54 67 63 69 
31 19 20 18 19 17 0 16 8 20 14 23 31 36 38 42 40 53 56 59 62 64 
31 24 19 33 34 5 16 0 19 6 16 35 25 43 37 34 41 51 49 62 57 64 
24 27 28 19 19 22 8 19 0 21 9 16 26 28 31 38 33 46 51 52 56 57 
28 30 25 38 38 11 20 6 21 0 16 35 20 40 33 28 37 46 43 58 52 59 
17 32 31 28 28 21 14 16 9 16 0 20 17 26 24 29 27 39 42 47 48 51 
23 40 43 23 21 38 23 35 16 35 20 0 31 17 29 43 28 42 52 42 53 50 
11 47 44 45 45 31 31 25 26 20 17 31 0 27 13 12 19 26 25 39 32 39 
16 55 56 40 38 47 36 43 28 40 26 17 27 0 18 36 14 28 41 25 39 34 
7 56 55 49 48 43 38 37 31 33 24 29 13 18 0 18 5 15 23 25 25 27 
20 57 53 57 57 39 42 34 38 28 29 43 12 36 18 0 23 23 15 40 25 36 
10 59 58 49 48 47 40 41 33 37 27 28 19 14 5 23 0 14 26 21 25 24 
22 71 69 63 62 56 53 51 46 46 39 42 26 28 15 23 14 0 17 18 11 14 
29 72 68 70 69 54 56 49 51 43 42 52 25 41 23 15 26 17 0 35 12 27 
31 78 78 65 63 67 59 62 52 58 47 42 39 25 25 40 21 18 35 0 26 12 
32 79 76 73 72 63 62 57 56 52 48 53 32 39 25 25 25 11 12 26 0 16 
34 83 81 73 71 69 64 64 57 59 51 50 39 34 27 36 24 14 27 12 16 0 

0.0 8.709048893894586 7.294209550576525 5.7400233117450075 5.96424559711363 5.581610758715432 4.629478875922194 3.7778700721856198 3.9431517944071004 2.907264042088657 2.927773486667729 2.3277643089619446 1.7862858882678205 1.7452281317219172 1.2462208363293898 2.1917605552950645 1.1437482493188231 3.951874436804978 5.002016965309872 3.125007864650084 3.7898122244993036 4.850853678710905 
7.006682951491257 0.0 1.060662407645982 4.162915399337431 2.773816267430915 3.130798622449743 3.729611204958057 3.8571160293749105 4.0126506160855175 5.380026188511252 4.804441482556275 7.88515184281278 5.331730058531847 7.032285815731902 5.9057365188641535 11.262078989569606 10.586485434527049 10.441791823985778 10.044900805286746 12.475236108351158 14.824796854072659 12.035309158852304 
8.97323039036945 1.7870495843637029 0.0 5.5269127290091475 5.104699417602574 1.7349017605019008 2.564441478361048 2.7810888875816895 5.176177445096172 3.3846547627368353 5.119872683634162 4.534783035285916 7.670760803700432 9.539265976790947 10.12353801961234 6.342795024028796 9.472958126494321 13.513299649800963 9.074571847843577 9.420561873936972 9.730896987974138 13.436278621798106 
6.123250317762295 3.5231726904078613 5.164074631893473 0.0 0.5402219534600916 6.480751236271508 3.4901015742909776 5.549893573217063 2.9493722247475045 5.212364566213141 5.316054747435658 3.5299330274213405 7.0892176632471156 4.075290804944748 6.105201869370957 9.927145596680212 6.374739806193269 7.6216538146766135 13.843341555837142 7.017513426131112 11.368885847847388 13.908179961080544 
6.949703345452608 4.398946684387409 4.034637409541199 0.49081211493427734 0.0 5.415887901705785 2.8292389104358766 5.4680967109247565 2.8483689486291652 7.280694243181707 5.14104535436749 2.953754554826421 6.09397732556288 5.270651294152146 5.291869741050484 10.090421957445368 5.200055319682163 11.527174668041066 9.075194187510863 12.32506521234275 13.248161326206553 9.65656941578236 
6.623242967709471 2.677066317545915 2.5924298252044284 5.152095599838262 5.075267856287666 0.0 2.2198717702557733 0.9909541063709988 4.17498562709849 2.055587705613993 2.15051269350737 4.493247893297406 5.578071869348903 9.337799681380226 6.676141099571861 4.814756551457297 9.340759373341712 7.100427324516873 5.642457750953462 7.074653372509975 8.25337760310185 12.942279257557358 
5.563675772752322 2.3622657983124644 3.334567691817643 2.702147818226263 2.669254851326552 2.505711084954042 0.0 1.678444955407858 1.235364851045606 3.7159686782057477 2.5718880680762393 3.4398124478160197 4.973985033807608 6.776666081672548 6.547934074370125 6.523497705891015 4.339047858018934 7.052154539639238 8.097030679938767 6.830021255504245 8.23854304336566 11.747255260176917 
3.7696345512951757 2.90452152954742 2.5102401143235364 5.050634852132214 3.7769259443584615 0.7270818808195105 2.570343001321932 0.0 3.68116193281344 1.104086459548581 1.6619362423241553 4.860585731366403 2.983526385544823 5.359517326106745 7.366248744260827 3.974496232049507 5.678850384783923 9.985956041693598 9.103766044492989 9.379641987243977 6.735179353954536 12.042278310310552 
2.81425475520299 4.813792367611101 5.276962261772076 2.0400801338799153 2.6979981688293844 2.559605536555898 1.1805724983425219 3.4123654126654834 0.0 2.566662769339309 0.9602483170231955 3.1580331502855143 4.12852056543821 2.8959704607822667 5.966894416285683 6.204425425792944 5.296128835538253 6.854529701453851 6.954671424081068 8.393683475780923 9.50936055518895 8.702133428363227 
4.793886858519307 4.887957476615884 3.5817285760511988 6.3470404339531346 4.7276419606459825 1.6532801920745537 2.2972053783341164 0.8763034004758523 3.0169737201285862 0.0 2.4349888674451408 3.6290991902375147 2.33235981433175 6.8064586509894465 6.131045555419719 3.9540664994804624 5.509318412033734 6.949746345430117 7.559758961615065 10.042735298363782 7.611203444760629 10.760082121923144 
2.3465496671704877 3.5900617246645026 3.3124826837182715 5.381492914066843 3.8475564377402307 3.3039318027452382 2.3003902827808345 2.657202823015277 1.5416339002337396 2.6578205686332543 0.0 3.531983694398793 1.816911941731674 4.729543176345505 4.349269241387555 3.8065793150856724 2.9129026998989467 5.0768100321042 5.367129621885123 8.231379317902235 8.825196563094359 9.890731459934702 
2.7896355111008964 7.812400324232867 5.25714520349482 2.9400150687748785 2.5056549253947704 7.120487460590386 2.720528103706703 6.045809112002315 1.7309979356375955 5.628847589036445 2.004258168820402 0.0 5.565763523908096 3.0544056155834296 4.615966955210492 5.618311384035229 3.6699108806898386 6.623143616761466 6.828608706066236 6.710244659901706 9.97710117366413 7.658231670201987 
1.625666636761396 8.713527058260002 7.16496333363041 6.176809928537507 7.338409996464725 3.6138679742134583 4.987257894130351 3.558450210361673 5.100389379107602 2.209627755112679 2.1752903042086302 4.07618222279455 0.0 5.019706087864824 2.247335455372969 2.0314803538257227 2.2231617324571813 5.0859376752851855 3.5499400108392516 4.48508379677658 3.7838316382517316 5.141263307690836 
2.02046086644021 5.73418883064416 10.972682540069538 6.936583248191541 6.470428959722608 6.247239058898291 4.43088978383026 7.286303289028478 3.3167625262307783 4.3092108120692085 3.177812503617932 3.303480475947372 4.800151808453872 0.0 2.4846303647922348 3.685132437734114 2.765945983214059 4.327338104104693 4.8726043277774505 3.9050919063637295 6.540863498409422 5.455526577507333 
0.8325543115410183 5.734569959455383 6.307493266801198 8.103835806889379 6.626832766681229 5.175494881430775 4.971007510186011 4.326515326033416 4.573460001746131 5.808261602090573 2.5732051873872566 5.68392006057056 1.4740367715387848 3.070008947844741 0.0 3.12979195867446 0.5807315440718847 2.794974546435366 3.990740443760334 3.99093437291309 4.6017317092530625 5.311109288065583 
3.0508212605939997 5.748620917954921 5.416673829055719 7.135580237649169 7.026439534452178 7.137448813140185 5.58631153449946 3.7359918169470605 5.581310745318753 4.426418377342666 5.396420154632135 6.621666732285078 1.364170518725115 4.362672609014568 1.8757423180649575 0.0 3.83419946103385 3.350542712906496 2.86358331237295 6.315093027635331 2.647923274707065 6.545492485571721 
1.9073387907015598 7.938581740402334 9.814309184765406 5.963401541391622 7.087725226087338 8.556070896148526 4.074019500395643 5.499192899879545 3.6032431858731466 5.73423695473239 3.239050764035688 4.959714823950189 2.171505669346316 2.0239689180259495 0.7284840514483861 2.3677653099604474 0.0 2.5993708624763285 3.6822613468249736 3.7885950120475247 2.5543448410445313 3.4742858280071567 
2.208292022679435 12.30560285453166 9.090066526684842 11.27071707929694 9.402244741180095 7.258172053128874 9.99445658975155 5.6725223517055445 6.134479840272856 7.173942651573903 6.38918708752151 7.4490008493230375 3.541525047247265 4.902175784968113 1.777971247366405 3.6516153817943264 2.4043580166818677 0.0 2.4606318596073202 2.4156067745884817 1.4591024263567876 1.4056141236907393 
3.617255581400129 10.676021786978273 7.571620196022209 12.35151731154275 8.672071977025992 6.348455429191094 6.58738213707849 8.557643548818561 6.062919689886181 7.256963459334342 7.963358044572591 9.81102442360778 4.806730915383444 5.376114601816443 2.839130073797452 1.705807200160102 3.4595090361461387 3.155628917585082 0.0 6.137167263392899 2.3183530019383145 2.899319016057682 
4.013245214663192 8.87408105409928 8.940374975046597 8.081189333738585 6.710824227434002 11.1402684996437 10.826650096780066 9.628015674314918 5.2672122783009385 8.3803754427964 4.846782693197906 7.71349355030434 5.733885325260747 4.010308832300796 3.0882218202122678 6.755330660176953 3.668398736483577 2.074344429906207 4.998131189966811 0.0 3.3351723117313776 1.5427908915294128 
6.385732769217907 10.153879023011505 8.097869629429686 11.087313752971454 7.857396723578904 11.987350097194597 9.578521433831154 10.263403072597441 8.799619068632072 7.8763663650960725 6.736850256396748 7.799664939525641 4.893963179679475 7.499703704545634 3.6217210432499023 4.221234128432833 4.079192844189555 1.9057407782045843 1.897336855832212 4.488543808028705 0.0 1.8234987653477974 
4.295055941928597 11.572099345217659 11.15104137024808 12.171704947754884 8.259058396846111 11.378221201895638 12.426200100341635 12.36237319569084 9.584093182516938 8.135827329555823 6.187075733240681 6.515061898607286 7.332568187319911 4.22081292394647 4.286608567898583 5.862705728762673 4.638374837041147 1.9416056968628306 4.583438946584909 1.2223229480874307 2.531555453196249 0.0 

0 1100 700 800 1400 2100 400 800 100 500 600 1200 1300 1300 300 900 2100 1000 900 2500 1800 700 
