16
8
37

0.0 14.392443989449804 21.52379604162864 33.05764119219941 22.52271554554524 23.58679276123039 12.541594578792296 22.52271554554524 32.949961479175904 32.5624390837628 21.308652046684813 28.660255680657446 30.466648127543394 29.620439557122072 31.370698080866262 30.332867780352597 
14.392443989449804 0.0 12.86931687685298 19.709372712298546 12.161903789690601 24.70743687382041 12.583045973594572 19.101075237738275 21.3806130178211 27.42582403567252 7.5710678118654755 19.367962264113206 16.65549442140351 21.87755832643195 33.14965543462902 17.5 
21.52379604162864 12.86931687685298 0.0 15.797058540778355 22.70360331117452 16.778820596099706 11.13014581273465 9.04400374531753 12.541594578792296 15.2648230602334 11.13014581273465 29.568883707497267 19.473665961010276 9.555385138137417 24.269728648009426 23.823807579381203 
33.05764119219941 19.709372712298546 15.797058540778355 0.0 21.595023109728988 31.5 25.579872407968907 23.5 8.310249675906654 24.666091947189145 12.706555615733702 25.817977802344327 9.986832980505138 17.58800749063506 37.98332962798263 16.311388300841898 
22.52271554554524 12.161903789690601 22.70360331117452 21.595023109728988 0.0 36.305027579936315 24.206539182259394 30.198484809834994 26.80589287593181 37.39173349139343 12.583045973594572 7.711102550927978 13.5 30.9138126514911 44.704072210600685 9.719544457292887 
23.58679276123039 24.70743687382041 16.778820596099706 31.5 36.305027579936315 0.0 13.306248474865697 8.5 25.995097567963924 13.95362404707371 26.5 43.51162633521314 35.67101079013795 16.65549442140351 8.98528137423857 39.5 
12.541594578792296 12.583045973594572 11.13014581273465 25.579872407968907 24.206539182259394 13.306248474865697 0.0 10.5 23.17156809750927 20.524984394500787 16.5 31.386890422961002 26.519223662515376 17.96424919657298 21.7602916254693 28.942925306655784 
22.52271554554524 19.101075237738275 9.04400374531753 23.5 30.198484809834994 8.5 10.5 0.0 18.22004514666935 10.54987562112089 19.367962264113206 37.296738985948195 28.01363298439521 9.719544457292887 15.731546211727817 32.26476034853718 
32.949961479175904 21.3806130178211 12.541594578792296 8.310249675906654 26.80589287593181 25.995097567963924 23.17156809750927 18.22004514666935 0.0 17.26305461424021 15.533296378372908 32.122776601683796 17.14331697709324 10.54987562112089 31.516124838541646 23.325424421026653 
32.5624390837628 27.42582403567252 15.2648230602334 24.666091947189145 37.39173349139343 13.95362404707371 20.524984394500787 10.54987562112089 17.26305461424021 0.0 25.5 44.10045871318328 31.900636936215164 7.711102550927978 16.024174696260026 37.296738985948195 
21.308652046684813 7.5710678118654755 11.13014581273465 12.706555615733702 12.583045973594572 26.5 16.5 19.367962264113206 15.533296378372908 25.5 0.0 19.101075237738275 10.54987562112089 18.85755975068582 34.5 13.5 
28.660255680657446 19.367962264113206 29.568883707497267 25.817977802344327 7.711102550927978 43.51162633521314 31.386890422961002 37.296738985948195 32.122776601683796 44.10045871318328 19.101075237738275 0.0 16.5312195418814 37.39173349139343 51.90038910358559 10.54987562112089 
30.466648127543394 16.65549442140351 19.473665961010276 9.986832980505138 13.5 35.67101079013795 26.519223662515376 28.01363298439521 17.14331697709324 31.900636936215164 10.54987562112089 16.5312195418814 0.0 24.70743687382041 43.220018726587654 6.824555320336759 
29.620439557122072 21.87755832643195 9.555385138137417 17.58800749063506 30.9138126514911 16.65549442140351 17.96424919657298 9.719544457292887 10.54987562112089 7.711102550927978 18.85755975068582 37.39173349139343 24.70743687382041 0.0 21.5 30.198484809834994 
31.370698080866262 33.14965543462902 24.269728648009426 37.98332962798263 44.704072210600685 8.98528137423857 21.7602916254693 15.731546211727817 31.516124838541646 16.024174696260026 34.5 51.90038910358559 43.220018726587654 21.5 0.0 47.45742752749558 
30.332867780352597 17.5 23.823807579381203 16.311388300841898 9.719544457292887 39.5 28.942925306655784 32.26476034853718 23.325424421026653 37.296738985948195 13.5 10.54987562112089 6.824555320336759 30.198484809834994 47.45742752749558 0.0 

0 43 38 98 72 77 71 30 28 24 63 75 78 14 77 33 
43 0 36 41 84 22 95 13 55 78 69 53 37 92 68 92 
38 36 0 99 53 93 21 99 21 13 53 56 30 63 46 70 
98 41 99 0 17 80 61 32 56 24 93 77 12 65 30 39 
72 84 53 17 0 96 94 17 38 29 78 97 57 91 39 18 
77 22 93 80 96 0 31 49 17 52 33 47 67 30 78 80 
71 95 21 61 94 31 0 35 38 53 83 99 17 83 39 55 
30 13 99 32 17 49 35 0 78 92 34 73 89 90 10 44 
28 55 21 56 38 17 38 78 0 71 50 14 37 24 35 81 
24 78 13 24 29 52 53 92 71 0 25 17 88 63 12 32 
63 69 53 93 78 33 83 34 50 25 0 96 23 58 81 15 
75 53 56 77 97 47 99 73 14 17 96 0 45 49 52 66 
78 37 30 12 57 67 17 89 37 88 23 45 0 16 44 45 
14 92 63 65 91 30 83 90 24 63 58 49 16 0 42 46 
77 68 46 30 39 78 39 10 35 12 81 52 44 42 0 63 
33 92 70 39 18 80 55 44 81 32 15 66 45 46 63 0 

0.0 0.10833521967333658 0.4183450122695723 0.4911036163344351 0.3913242381725418 0.4345116529221964 0.9240566711241786 0.5779761245940345 0.7372457398044853 0.7659028743972119 0.1720707718898185 0.45254011203504707 0.1859694762445782 0.122680734341142 0.12014692717141134 0.272265146785877 
0.10833521967333658 0.0 0.586259880219125 0.6508313103965484 0.9106440341212774 0.9651624603618183 0.9543409212934316 0.7484602394107321 0.7930141342509537 0.3440526200464059 0.7161564149156118 0.3582214382767095 0.7648766508404873 0.23845959011997409 0.6236812939288019 0.5056571212109885 
0.4183450122695723 0.586259880219125 0.0 0.667247778311685 0.849749305900103 0.6180164195781933 0.21567919402375652 0.12584703682850062 0.3016350307013176 0.44490968819546306 0.8449875444570747 0.7648754173707519 0.42780053855030564 0.989381226826089 0.8269130591229324 0.43225758357219557 
0.4911036163344351 0.6508313103965484 0.667247778311685 0.0 0.9111462755934298 0.9852905940624602 0.9369889755600783 0.9660631267818282 0.565042175243298 0.2729694733558327 0.15249586325663178 0.4006692790184353 0.7259750773351639 0.4234527423665948 0.6972918997494794 0.15820075374915588 
0.3913242381725418 0.9106440341212774 0.849749305900103 0.9111462755934298 0.0 0.6091076167851731 0.2213767727392315 0.4344315157985529 0.8958791329782004 0.6635188549395009 0.10027344985903032 0.5933917528006768 0.5831379244425281 0.15227654358996878 0.3537735926193112 0.6961673290845279 
0.4345116529221964 0.9651624603618183 0.6180164195781933 0.9852905940624602 0.6091076167851731 0.0 0.16370607828581502 0.9739942430534335 0.9041440514792897 0.17706169849683873 0.9173362408014202 0.43715577459152655 0.9956171597981932 0.27469249250493233 0.9734509675269607 0.8962431181029616 
0.9240566711241786 0.9543409212934316 0.21567919402375652 0.9369889755600783 0.2213767727392315 0.16370607828581502 0.0 0.39413213103308853 0.21154698018442047 0.6447034293343215 0.2595831425019146 0.6173928043212121 0.3663633536936475 0.1422962080356685 0.9828318959995819 0.7895559831712611 
0.5779761245940345 0.7484602394107321 0.12584703682850062 0.9660631267818282 0.4344315157985529 0.9739942430534335 0.39413213103308853 0.0 0.8876813635577334 0.7068749125290886 0.9691448665096084 0.41340059957882935 0.6930961664413176 0.4389107287347338 0.30733463111650516 0.3794871452511479 
0.7372457398044853 0.7930141342509537 0.3016350307013176 0.565042175243298 0.8958791329782004 0.9041440514792897 0.21154698018442047 0.8876813635577334 0.0 0.5480662984490707 0.9407086121190299 0.29269706779593807 0.486602689414087 0.320567861025035 0.4885259355136249 0.791690583706055 
0.7659028743972119 0.3440526200464059 0.44490968819546306 0.2729694733558327 0.6635188549395009 0.17706169849683873 0.6447034293343215 0.7068749125290886 0.5480662984490707 0.0 0.5306965057384502 0.46345339052052115 0.4377583944708373 0.8312820766010581 0.13054697820804553 0.185065463054582 
0.1720707718898185 0.7161564149156118 0.8449875444570747 0.15249586325663178 0.10027344985903032 0.9173362408014202 0.2595831425019146 0.9691448665096084 0.9407086121190299 0.5306965057384502 0.0 0.42674822131340284 0.5165269799266383 0.39755967350390387 0.730471072149355 0.8854920679219153 
0.45254011203504707 0.3582214382767095 0.7648754173707519 0.4006692790184353 0.5933917528006768 0.43715577459152655 0.6173928043212121 0.41340059957882935 0.29269706779593807 0.46345339052052115 0.42674822131340284 0.0 0.8058300756351112 0.524383077845142 0.6106249378096086 0.9743736674961566 
0.1859694762445782 0.7648766508404873 0.42780053855030564 0.7259750773351639 0.5831379244425281 0.9956171597981932 0.3663633536936475 0.6930961664413176 0.486602689414087 0.4377583944708373 0.5165269799266383 0.8058300756351112 0.0 0.40233719579177285 0.2624370811451631 0.48483560072205945 
0.122680734341142 0.23845959011997409 0.989381226826089 0.4234527423665948 0.15227654358996878 0.27469249250493233 0.1422962080356685 0.4389107287347338 0.320567861025035 0.8312820766010581 0.39755967350390387 0.524383077845142 0.40233719579177285 0.0 0.5750192149282949 0.5520369230259973 
0.12014692717141134 0.6236812939288019 0.8269130591229324 0.6972918997494794 0.3537735926193112 0.9734509675269607 0.9828318959995819 0.30733463111650516 0.4885259355136249 0.13054697820804553 0.730471072149355 0.6106249378096086 0.2624370811451631 0.5750192149282949 0.0 0.2819856846167227 
0.272265146785877 0.5056571212109885 0.43225758357219557 0.15820075374915588 0.6961673290845279 0.8962431181029616 0.7895559831712611 0.3794871452511479 0.791690583706055 0.185065463054582 0.8854920679219153 0.9743736674961566 0.48483560072205945 0.5520369230259973 0.2819856846167227 0.0 

0 19 30 16 23 11 31 15 28 8 8 7 14 6 19 11 
0 8 1 4 4 2 8 5 4 1 0 0 5 0 2 1 
