20
5
0.0 28.231188426986208 34.0 47.41307836451879 42.190046219457976 20.248456731316587 25.80697580112788 58.077534382926416 57.21887800367987 68.8839603971781 64.88451279003334 17.46424919657298 64.8459713474939 81.5659242576212 35.35533905932738 67.60177512462228 6.082762530298219 12.806248474865697 40.792156108742276 40.11234224026316 
28.231188426986208 0.0 13.601470508735444 36.6742416417845 38.01315561749642 46.400431032480725 33.83784863137726 34.92849839314596 50.566787519082126 42.638011210655684 36.6742416417845 11.40175425099138 36.87817782917155 55.31726674375732 18.35755975068582 58.52349955359813 31.906112267087632 36.124783736376884 23.600847442411894 16.1245154965971 
34.0 13.601470508735444 0.0 23.40939982143925 51.61395160225576 48.104053883222775 28.319604517012593 24.186773244895647 63.953107821277925 47.92702786528704 36.796738985948195 17.46424919657298 33.83784863137726 59.941638282582836 5.0990195135927845 71.5122367151245 35.510561809129406 44.721359549995796 10.0 6.708203932499369 
47.41307836451879 36.6742416417845 23.40939982143925 0.0 74.43117626371358 53.23532661682466 27.018512172212592 24.839484696748443 87.23531395025755 66.91038783328041 51.86520991955976 36.069377593742864 45.617978911828175 77.62087348130012 18.384776310850235 94.92101980067429 45.880278987817846 60.03332407921454 14.142135623730951 25.079872407968907 
42.190046219457976 38.01315561749642 51.61395160225576 74.43117626371358 0.0 60.876925020897694 63.953107821277925 70.2922470831599 15.033296378372908 49.040799340956916 57.0087712549569 40.162171256046406 62.39390995922599 59.033888572581766 56.302753041036986 25.495097567963924 48.25971404805462 36.76955262170047 61.61168720299745 53.075418038862395 
20.248456731316587 46.400431032480725 48.104053883222775 53.23532661682466 60.876925020897694 0.0 26.30589287593181 70.40596565632774 75.7099729229908 88.41379982785493 82.68010643437755 35.0 81.39410298049853 101.13851887386922 47.53945729601885 86.34813257969161 14.866068747318506 25.019992006393608 51.78802950489621 54.78138369920935 
25.80697580112788 33.83784863137726 28.319604517012593 27.018512172212592 63.953107821277925 26.30589287593181 0.0 46.61544808322666 78.63841300535 75.29276193632427 65.11528238439882 25.079872407968907 61.71709649683789 87.66413177577246 25.612496949731394 88.20430828479978 21.93171219946131 38.28837943815329 28.178005607210743 34.655446902326915 
58.077534382926416 34.92849839314596 24.186773244895647 24.839484696748443 70.2922470831599 70.40596565632774 46.61544808322666 0.0 80.05623023850174 47.265209192385896 30.01666203960727 41.593268686170845 22.360679774997898 56.142675390472796 23.08679276123039 85.44588931013593 59.07622195096772 68.8839603971781 18.681541692269406 18.973665961010276 
57.21887800367987 50.566787519082126 63.953107821277925 87.23531395025755 15.033296378372908 75.7099729229908 78.63841300535 80.05623023850174 0.0 49.72926703662542 61.773780845922005 54.3415126767741 68.5054742338158 57.14017850864661 68.87670143089025 10.770329614269007 63.28506932918696 51.24451190127583 73.824115301167 64.35060217278468 
68.8839603971781 42.638011210655684 47.92702786528704 66.91038783328041 49.040799340956916 88.41379982785493 75.29276193632427 47.265209192385896 49.72926703662542 0.0 18.027756377319946 53.81449618829484 26.570660511172846 12.727922061357855 52.20153254455275 49.64876634922564 73.59347797189639 72.56031973468694 53.600373133029585 43.01162633521314 
64.88451279003334 36.6742416417845 36.796738985948195 51.86520991955976 57.0087712549569 82.68010643437755 65.11528238439882 30.01666203960727 61.773780845922005 18.027756377319946 0.0 47.885279575251516 8.54400374531753 26.1725046566048 40.0 64.03124237432849 68.47627326307996 71.56814934033156 39.824615503479755 30.610455730027933 
17.46424919657298 11.40175425099138 17.46424919657298 36.069377593742864 40.162171256046406 35.0 25.079872407968907 41.593268686170845 54.3415126767741 53.81449618829484 47.885279575251516 0.0 47.43416490252569 66.52818951391959 20.12461179749811 63.50590523722971 20.591260281974 27.294688127912362 25.942243542145693 23.021728866442675 
64.8459713474939 36.87817782917155 33.83784863137726 45.617978911828175 62.39390995922599 81.39410298049853 61.71709649683789 22.360679774997898 68.5054742338158 26.570660511172846 8.54400374531753 47.43416490252569 0.0 34.0 36.124783736376884 71.50524456289902 67.77905281132217 72.83543093852057 34.828149534535996 27.202941017470888 
81.5659242576212 55.31726674375732 59.941638282582836 77.62087348130012 59.033888572581766 101.13851887386922 87.66413177577246 56.142675390472796 57.14017850864661 12.727922061357855 26.1725046566048 66.52818951391959 34.0 0.0 63.97655820689325 54.817880294662984 86.31338250816034 84.90583018850944 64.8459713474939 54.62600113499065 
35.35533905932738 18.35755975068582 5.0990195135927845 18.384776310850235 56.302753041036986 47.53945729601885 25.612496949731394 23.08679276123039 68.87670143089025 52.20153254455275 40.0 20.12461179749811 36.124783736376884 63.97655820689325 0.0 76.55063683601855 36.013886210738214 46.84015371452148 5.830951894845301 9.433981132056603 
67.60177512462228 58.52349955359813 71.5122367151245 94.92101980067429 25.495097567963924 86.34813257969161 88.20430828479978 85.44588931013593 10.770329614269007 49.64876634922564 64.03124237432849 63.50590523722971 71.50524456289902 54.817880294662984 76.55063683601855 0.0 73.68174807915459 61.98386886924694 81.15417426109393 71.11258679024411 
6.082762530298219 31.906112267087632 35.510561809129406 45.880278987817846 48.25971404805462 14.866068747318506 21.93171219946131 59.07622195096772 63.28506932918696 73.59347797189639 68.47627326307996 20.591260281974 67.77905281132217 86.31338250816034 36.013886210738214 73.68174807915459 0.0 16.64331697709324 41.048751503547585 41.97618372363071 
12.806248474865697 36.124783736376884 44.721359549995796 60.03332407921454 36.76955262170047 25.019992006393608 38.28837943815329 68.8839603971781 51.24451190127583 72.56031973468694 71.56814934033156 27.294688127912362 72.83543093852057 84.90583018850944 46.84015371452148 61.98386886924694 16.64331697709324 0.0 52.49761899362675 50.24937810560445 
40.792156108742276 23.600847442411894 10.0 14.142135623730951 61.61168720299745 51.78802950489621 28.178005607210743 18.681541692269406 73.824115301167 53.600373133029585 39.824615503479755 25.942243542145693 34.828149534535996 64.8459713474939 5.830951894845301 81.15417426109393 41.048751503547585 52.49761899362675 0.0 11.0 
40.11234224026316 16.1245154965971 6.708203932499369 25.079872407968907 53.075418038862395 54.78138369920935 34.655446902326915 18.973665961010276 64.35060217278468 43.01162633521314 30.610455730027933 23.021728866442675 27.202941017470888 54.62600113499065 9.433981132056603 71.11258679024411 41.97618372363071 50.24937810560445 11.0 0.0 
0 3 1 1 1 3 1 4 8 7 7 4 8 2 9 10 9 2 6 3 
25
