19
2
164

0.0 14.392443989449804 19.735384061671343 33.05764119219941 22.52271554554524 23.58679276123039 12.541594578792296 22.52271554554524 32.949961479175904 32.5624390837628 21.308652046684813 28.660255680657446 30.466648127543394 31.370698080866262 30.332867780352597 32.28049716414141 39.908120990476064 44.43176527297759 16.311388300841898 
14.392443989449804 0.0 15.5 19.709372712298546 12.161903789690601 24.70743687382041 12.583045973594572 19.101075237738275 21.3806130178211 27.42582403567252 7.5710678118654755 19.367962264113206 16.65549442140351 33.14965543462902 17.5 31.110455730027933 27.813000567495326 31.564449134018133 19.288294228055936 
19.735384061671343 15.5 0.0 21.713203435596427 26.6725046566048 10.94030650891055 7.780109889280518 4.10555127546399 17.5 13.538404810405298 16.15247584249853 33.801651610693426 25.23863375370596 18.85755975068582 29.135642126552707 16.120499351813308 24.353720883753127 30.0296461204668 9.44427190999916 
33.05764119219941 19.709372712298546 21.713203435596427 0.0 21.595023109728988 31.5 25.579872407968907 23.5 8.310249675906654 24.666091947189145 12.706555615733702 25.817977802344327 9.986832980505138 37.98332962798263 16.311388300841898 32.78002478313795 10.54987562112089 12.583045973594572 30.332867780352597 
22.52271554554524 12.161903789690601 26.6725046566048 21.595023109728988 0.0 36.305027579936315 24.206539182259394 30.198484809834994 26.80589287593181 37.39173349139343 12.583045973594572 7.711102550927978 13.5 44.704072210600685 9.719544457292887 42.22529209005013 31.516124838541646 33.2566787083184 30.9138126514911 
23.58679276123039 24.70743687382041 10.94030650891055 31.5 36.305027579936315 0.0 13.306248474865697 8.5 25.995097567963924 13.95362404707371 26.5 43.51162633521314 35.67101079013795 8.98528137423857 39.5 9.5 32.122776601683796 38.14306044943742 7.780109889280518 
12.541594578792296 12.583045973594572 7.780109889280518 25.579872407968907 24.206539182259394 13.306248474865697 0.0 10.5 23.17156809750927 20.524984394500787 16.5 31.386890422961002 26.519223662515376 21.7602916254693 28.942925306655784 21.115528128088304 30.232137494637012 35.5 7.208203932499369 
22.52271554554524 19.101075237738275 4.10555127546399 23.5 30.198484809834994 8.5 10.5 0.0 18.22004514666935 10.54987562112089 19.367962264113206 37.296738985948195 28.01363298439521 15.731546211727817 32.26476034853718 12.541594578792296 24.666091947189145 30.583217912982647 9.719544457292887 
32.949961479175904 21.3806130178211 17.5 8.310249675906654 26.80589287593181 25.995097567963924 23.17156809750927 18.22004514666935 0.0 17.26305461424021 15.533296378372908 32.122776601683796 17.14331697709324 31.516124838541646 23.325424421026653 25.817977802344327 7.5710678118654755 13.029964086141668 26.442243542145693 
32.5624390837628 27.42582403567252 13.538404810405298 24.666091947189145 37.39173349139343 13.95362404707371 20.524984394500787 10.54987562112089 17.26305461424021 0.0 25.5 44.10045871318328 31.900636936215164 16.024174696260026 37.296738985948195 9.555385138137417 21.5 27.518512172212592 18.884776310850235 
21.308652046684813 7.5710678118654755 16.15247584249853 12.706555615733702 12.583045973594572 26.5 16.5 19.367962264113206 15.533296378372908 25.5 0.0 19.101075237738275 10.54987562112089 34.5 13.5 31.110455730027933 21.3806130178211 24.686773244895647 22.70360331117452 
28.660255680657446 19.367962264113206 33.801651610693426 25.817977802344327 7.711102550927978 43.51162633521314 31.386890422961002 37.296738985948195 32.122776601683796 44.10045871318328 19.101075237738275 0.0 16.5312195418814 51.90038910358559 10.54987562112089 49.29549159502341 35.85533905932738 36.513886210738214 38.089892258425 
30.466648127543394 16.65549442140351 25.23863375370596 9.986832980505138 13.5 35.67101079013795 26.519223662515376 28.01363298439521 17.14331697709324 31.900636936215164 10.54987562112089 16.5312195418814 0.0 43.220018726587654 6.824555320336759 38.97076812334269 19.9164878389476 20.59975124224178 32.5624390837628 
31.370698080866262 33.14965543462902 18.85755975068582 37.98332962798263 44.704072210600685 8.98528137423857 21.7602916254693 15.731546211727817 31.516124838541646 16.024174696260026 34.5 51.90038910358559 43.220018726587654 0.0 47.45742752749558 7.208203932499369 36.72154055254967 42.7965719651132 15.764337522473747 
30.332867780352597 17.5 29.135642126552707 16.311388300841898 9.719544457292887 39.5 28.942925306655784 32.26476034853718 23.325424421026653 37.296738985948195 13.5 10.54987562112089 6.824555320336759 47.45742752749558 0.0 43.766615305567875 26.209920264364882 26.5 35.42849839314596 
32.28049716414141 31.110455730027933 16.120499351813308 32.78002478313795 42.22529209005013 9.5 21.115528128088304 12.541594578792296 25.817977802344327 9.555385138137417 31.110455730027933 49.29549159502341 38.97076812334269 7.208203932499369 43.766615305567875 0.0 30.51666203960727 36.55551275463989 16.6245154965971 
39.908120990476064 27.813000567495326 24.353720883753127 10.54987562112089 31.516124838541646 32.122776601683796 30.232137494637012 24.666091947189145 7.5710678118654755 21.5 21.3806130178211 35.85533905932738 19.9164878389476 36.72154055254967 26.209920264364882 30.51666203960727 0.0 6.582762530298219 33.2566787083184 
44.43176527297759 31.564449134018133 30.0296461204668 12.583045973594572 33.2566787083184 38.14306044943742 35.5 30.583217912982647 13.029964086141668 27.518512172212592 24.686773244895647 36.513886210738214 20.59975124224178 42.7965719651132 26.5 36.55551275463989 6.582762530298219 0.0 38.97076812334269 
16.311388300841898 19.288294228055936 9.44427190999916 30.332867780352597 30.9138126514911 7.780109889280518 7.208203932499369 9.719544457292887 26.442243542145693 18.884776310850235 22.70360331117452 38.089892258425 32.5624390837628 15.764337522473747 35.42849839314596 16.6245154965971 33.2566787083184 38.97076812334269 0.0 

0 10 21 13 13 15 27 12 25 18 20 28 26 21 11 26 11 26 23 
10 0 13 24 28 10 28 24 20 16 16 25 28 13 27 22 19 10 11 
21 13 0 20 19 14 10 26 13 20 11 28 16 22 26 27 10 23 15 
13 24 20 0 16 11 26 16 16 22 21 10 26 14 24 16 26 21 22 
13 28 19 16 0 29 25 11 13 20 16 18 27 22 19 18 25 17 24 
15 10 14 11 29 0 22 11 19 20 29 12 28 21 15 18 29 23 17 
27 28 10 26 25 22 0 26 25 26 22 22 24 22 19 24 29 28 17 
12 24 26 16 11 11 26 0 12 10 14 19 23 24 22 23 27 26 28 
25 20 13 16 13 19 25 12 0 24 12 20 11 15 12 25 24 27 18 
18 16 20 22 20 20 26 10 24 0 15 18 10 17 14 16 23 16 14 
20 16 11 21 16 29 22 14 12 15 0 22 27 15 26 17 15 10 26 
28 25 28 10 18 12 22 19 20 18 22 0 22 10 29 29 17 28 15 
26 28 16 26 27 28 24 23 11 10 27 22 0 26 27 21 10 19 19 
21 13 22 14 22 21 22 24 15 17 15 10 26 0 12 23 23 25 24 
11 27 26 24 19 15 19 22 12 14 26 29 27 12 0 11 18 22 18 
26 22 27 16 18 18 24 23 25 16 17 29 21 23 11 0 29 13 17 
11 19 10 26 25 29 29 27 24 23 15 17 10 23 18 29 0 13 16 
26 10 23 21 17 23 28 26 27 16 10 28 19 25 22 13 13 0 14 
23 11 15 22 24 17 17 28 18 14 26 15 19 24 18 17 16 14 0 

0.0 0.8582990659170622 0.4392295051840097 0.9140455312079816 0.532019250135122 0.11352327239893738 0.8502458410511732 0.8837151014611909 0.7800081547740589 0.23181277470613226 0.5541817364511474 0.5559110928860233 0.38085863895652805 0.2520762606970415 0.6184777048062791 0.9352760458264942 0.4524733471978635 0.6420631160696469 0.8528356671675298 
0.8582990659170622 0.0 0.8459089856898278 0.905557931501593 0.8167952555539422 0.6988049465201156 0.39673831907217216 0.9310838848751606 0.145577830290455 0.1821147784025819 0.6663833296205562 0.824925609399455 0.32857334414597644 0.35143792794530737 0.9272095392433087 0.4640302854755691 0.40839629133867417 0.5468993997769309 0.8393180965480967 
0.4392295051840097 0.8459089856898278 0.0 0.9571706089602366 0.14478324750736324 0.16439715047020942 0.4843700607646172 0.45514658287011234 0.22111558819008073 0.20768171722929157 0.8764309274189529 0.3202441350803068 0.5704203087227556 0.849144858744219 0.2824312983684067 0.3228247392342045 0.6054464979520267 0.9523964674640512 0.5083748119085112 
0.9140455312079816 0.905557931501593 0.9571706089602366 0.0 0.7541115502079324 0.9125129804112094 0.6449628695070446 0.3590844124051712 0.4185540827437778 0.42204522709681835 0.26781852772195125 0.25906296786124816 0.29659471971787343 0.5000670851037091 0.8699673062044312 0.6299553181703349 0.5492267640920342 0.3143862640134502 0.5609176472737771 
0.532019250135122 0.8167952555539422 0.14478324750736324 0.7541115502079324 0.0 0.9561326233134175 0.7694255604944509 0.616808824597788 0.5816510842581345 0.2340813146812015 0.7723496114989923 0.6484422527052398 0.30556109342048354 0.49356338042342707 0.3561514624091092 0.3189927515416831 0.2348444453578596 0.7989249803780829 0.5583031025148917 
0.11352327239893738 0.6988049465201156 0.16439715047020942 0.9125129804112094 0.9561326233134175 0.0 0.9329363046050049 0.6149549344917704 0.7874657635216036 0.6785330545655806 0.9355399006138023 0.24998445940370675 0.5784411877420249 0.7387882010933633 0.32993239681995173 0.6652142699454819 0.29105546296649587 0.5030750597594184 0.972771950568297 
0.8502458410511732 0.39673831907217216 0.4843700607646172 0.6449628695070446 0.7694255604944509 0.9329363046050049 0.0 0.42958386622758316 0.8427126764319073 0.2856013960206415 0.8905296828147886 0.6204534586304451 0.7598291385347933 0.6343308230188911 0.2710069430831219 0.9857901287834699 0.22266981565109084 0.8888788568147932 0.9754260352746296 
0.8837151014611909 0.9310838848751606 0.45514658287011234 0.3590844124051712 0.616808824597788 0.6149549344917704 0.42958386622758316 0.0 0.33478658155437613 0.4829571129828981 0.6766211973243024 0.9852821547549496 0.7669251302847043 0.6384102702728138 0.1289501705861664 0.7451166672727717 0.33162899575931426 0.4219088664458893 0.970808271789888 
0.7800081547740589 0.145577830290455 0.22111558819008073 0.4185540827437778 0.5816510842581345 0.7874657635216036 0.8427126764319073 0.33478658155437613 0.0 0.38746982922643225 0.19589615228487645 0.9646341008516724 0.16094228763556453 0.4294933995892414 0.9856905576278625 0.42232666901743954 0.7377647662213315 0.4120513993177892 0.45836900203946773 
0.23181277470613226 0.1821147784025819 0.20768171722929157 0.42204522709681835 0.2340813146812015 0.6785330545655806 0.2856013960206415 0.4829571129828981 0.38746982922643225 0.0 0.7117100321669544 0.5562743873856821 0.21161011855668155 0.5580510704741817 0.6901633359371685 0.7851794767502088 0.5928156312217896 0.6035934634637741 0.22588831984232352 
0.5541817364511474 0.6663833296205562 0.8764309274189529 0.26781852772195125 0.7723496114989923 0.9355399006138023 0.8905296828147886 0.6766211973243024 0.19589615228487645 0.7117100321669544 0.0 0.8701842454836515 0.8853802403838095 0.15970867555898674 0.5480993153240658 0.45933965680810807 0.6627466760268026 0.7457722685948442 0.33717619779195807 
0.5559110928860233 0.824925609399455 0.3202441350803068 0.25906296786124816 0.6484422527052398 0.24998445940370675 0.6204534586304451 0.9852821547549496 0.9646341008516724 0.5562743873856821 0.8701842454836515 0.0 0.9294265923879917 0.1719715452839059 0.5439917212659287 0.2132550593548574 0.34853069802516645 0.6143672795778762 0.8788635962349155 
0.38085863895652805 0.32857334414597644 0.5704203087227556 0.29659471971787343 0.30556109342048354 0.5784411877420249 0.7598291385347933 0.7669251302847043 0.16094228763556453 0.21161011855668155 0.8853802403838095 0.9294265923879917 0.0 0.10839107452225888 0.5592844801367748 0.5046642711193158 0.1532248899283112 0.7622141905744608 0.869694055665473 
0.2520762606970415 0.35143792794530737 0.849144858744219 0.5000670851037091 0.49356338042342707 0.7387882010933633 0.6343308230188911 0.6384102702728138 0.4294933995892414 0.5580510704741817 0.15970867555898674 0.1719715452839059 0.10839107452225888 0.0 0.6428029951245445 0.3427082879785529 0.5639073738674422 0.6940337385734258 0.21693785000598698 
0.6184777048062791 0.9272095392433087 0.2824312983684067 0.8699673062044312 0.3561514624091092 0.32993239681995173 0.2710069430831219 0.1289501705861664 0.9856905576278625 0.6901633359371685 0.5480993153240658 0.5439917212659287 0.5592844801367748 0.6428029951245445 0.0 0.47003989576128136 0.3743729783784364 0.5949836289570626 0.9188329783359271 
0.9352760458264942 0.4640302854755691 0.3228247392342045 0.6299553181703349 0.3189927515416831 0.6652142699454819 0.9857901287834699 0.7451166672727717 0.42232666901743954 0.7851794767502088 0.45933965680810807 0.2132550593548574 0.5046642711193158 0.3427082879785529 0.47003989576128136 0.0 0.5033719425279918 0.9016127715685902 0.8400015041993573 
0.4524733471978635 0.40839629133867417 0.6054464979520267 0.5492267640920342 0.2348444453578596 0.29105546296649587 0.22266981565109084 0.33162899575931426 0.7377647662213315 0.5928156312217896 0.6627466760268026 0.34853069802516645 0.1532248899283112 0.5639073738674422 0.3743729783784364 0.5033719425279918 0.0 0.5935521440614161 0.6487218485480053 
0.6420631160696469 0.5468993997769309 0.9523964674640512 0.3143862640134502 0.7989249803780829 0.5030750597594184 0.8888788568147932 0.4219088664458893 0.4120513993177892 0.6035934634637741 0.7457722685948442 0.6143672795778762 0.7622141905744608 0.6940337385734258 0.5949836289570626 0.9016127715685902 0.5935521440614161 0.0 0.4696320463914564 
0.8528356671675298 0.8393180965480967 0.5083748119085112 0.5609176472737771 0.5583031025148917 0.972771950568297 0.9754260352746296 0.970808271789888 0.45836900203946773 0.22588831984232352 0.33717619779195807 0.8788635962349155 0.869694055665473 0.21693785000598698 0.9188329783359271 0.8400015041993573 0.6487218485480053 0.4696320463914564 0.0 

0 19 30 16 23 11 31 15 28 14 8 7 14 19 11 26 17 6 15 
0 4 8 9 6 1 4 4 0 9 3 1 3 8 7 7 0 5 8 
