21
2
165

0.0 14.392443989449804 21.52379604162864 33.05764119219941 22.52271554554524 23.58679276123039 12.541594578792296 22.52271554554524 32.949961479175904 32.5624390837628 21.308652046684813 28.660255680657446 30.466648127543394 29.620439557122072 31.370698080866262 30.332867780352597 10.5 32.28049716414141 39.908120990476064 44.43176527297759 16.311388300841898 
14.392443989449804 0.0 12.86931687685298 19.709372712298546 12.161903789690601 24.70743687382041 12.583045973594572 19.101075237738275 21.3806130178211 27.42582403567252 7.5710678118654755 19.367962264113206 16.65549442140351 21.87755832643195 33.14965543462902 17.5 6.582762530298219 31.110455730027933 27.813000567495326 31.564449134018133 19.288294228055936 
21.52379604162864 12.86931687685298 0.0 15.797058540778355 22.70360331117452 16.778820596099706 11.13014581273465 9.04400374531753 12.541594578792296 15.2648230602334 11.13014581273465 29.568883707497267 19.473665961010276 9.555385138137417 24.269728648009426 23.823807579381203 11.90175425099138 20.5 19.6049731745428 24.913111231467404 15.060219778561036 
33.05764119219941 19.709372712298546 15.797058540778355 0.0 21.595023109728988 31.5 25.579872407968907 23.5 8.310249675906654 24.666091947189145 12.706555615733702 25.817977802344327 9.986832980505138 17.58800749063506 37.98332962798263 16.311388300841898 23.30350850198276 32.78002478313795 10.54987562112089 12.583045973594572 30.332867780352597 
22.52271554554524 12.161903789690601 22.70360331117452 21.595023109728988 0.0 36.305027579936315 24.206539182259394 30.198484809834994 26.80589287593181 37.39173349139343 12.583045973594572 7.711102550927978 13.5 30.9138126514911 44.704072210600685 9.719544457292887 17.96424919657298 42.22529209005013 31.516124838541646 33.2566787083184 30.9138126514911 
23.58679276123039 24.70743687382041 16.778820596099706 31.5 36.305027579936315 0.0 13.306248474865697 8.5 25.995097567963924 13.95362404707371 26.5 43.51162633521314 35.67101079013795 16.65549442140351 8.98528137423857 39.5 19.6049731745428 9.5 32.122776601683796 38.14306044943742 7.780109889280518 
12.541594578792296 12.583045973594572 11.13014581273465 25.579872407968907 24.206539182259394 13.306248474865697 0.0 10.5 23.17156809750927 20.524984394500787 16.5 31.386890422961002 26.519223662515376 17.96424919657298 21.7602916254693 28.942925306655784 6.9031242374328485 21.115528128088304 30.232137494637012 35.5 7.208203932499369 
22.52271554554524 19.101075237738275 9.04400374531753 23.5 30.198484809834994 8.5 10.5 0.0 18.22004514666935 10.54987562112089 19.367962264113206 37.296738985948195 28.01363298439521 9.719544457292887 15.731546211727817 32.26476034853718 15.366068747318506 12.541594578792296 24.666091947189145 30.583217912982647 9.719544457292887 
32.949961479175904 21.3806130178211 12.541594578792296 8.310249675906654 26.80589287593181 25.995097567963924 23.17156809750927 18.22004514666935 0.0 17.26305461424021 15.533296378372908 32.122776601683796 17.14331697709324 10.54987562112089 31.516124838541646 23.325424421026653 22.97220505424423 25.817977802344327 7.5710678118654755 13.029964086141668 26.442243542145693 
32.5624390837628 27.42582403567252 15.2648230602334 24.666091947189145 37.39173349139343 13.95362404707371 20.524984394500787 10.54987562112089 17.26305461424021 0.0 25.5 44.10045871318328 31.900636936215164 7.711102550927978 16.024174696260026 37.296738985948195 24.831050121192877 9.555385138137417 21.5 27.518512172212592 18.884776310850235 
21.308652046684813 7.5710678118654755 11.13014581273465 12.706555615733702 12.583045973594572 26.5 16.5 19.367962264113206 15.533296378372908 25.5 0.0 19.101075237738275 10.54987562112089 18.85755975068582 34.5 13.5 12.204699910719626 31.110455730027933 21.3806130178211 24.686773244895647 22.70360331117452 
28.660255680657446 19.367962264113206 29.568883707497267 25.817977802344327 7.711102550927978 43.51162633521314 31.386890422961002 37.296738985948195 32.122776601683796 44.10045871318328 19.101075237738275 0.0 16.5312195418814 37.39173349139343 51.90038910358559 10.54987562112089 25.096747752497688 49.29549159502341 35.85533905932738 36.513886210738214 38.089892258425 
30.466648127543394 16.65549442140351 19.473665961010276 9.986832980505138 13.5 35.67101079013795 26.519223662515376 28.01363298439521 17.14331697709324 31.900636936215164 10.54987562112089 16.5312195418814 0.0 24.70743687382041 43.220018726587654 6.824555320336759 22.087033144922902 38.97076812334269 19.9164878389476 20.59975124224178 32.5624390837628 
29.620439557122072 21.87755832643195 9.555385138137417 17.58800749063506 30.9138126514911 16.65549442140351 17.96424919657298 9.719544457292887 10.54987562112089 7.711102550927978 18.85755975068582 37.39173349139343 24.70743687382041 0.0 21.5 30.198484809834994 20.59975124224178 15.797058540778355 16.024174696260026 22.087033144922902 18.884776310850235 
31.370698080866262 33.14965543462902 24.269728648009426 37.98332962798263 44.704072210600685 8.98528137423857 21.7602916254693 15.731546211727817 31.516124838541646 16.024174696260026 34.5 51.90038910358559 43.220018726587654 21.5 0.0 47.45742752749558 28.086228448267445 7.208203932499369 36.72154055254967 42.7965719651132 15.764337522473747 
30.332867780352597 17.5 23.823807579381203 16.311388300841898 9.719544457292887 39.5 28.942925306655784 32.26476034853718 23.325424421026653 37.296738985948195 13.5 10.54987562112089 6.824555320336759 30.198484809834994 47.45742752749558 0.0 23.521728866442675 43.766615305567875 26.209920264364882 26.5 35.42849839314596 
10.5 6.582762530298219 11.90175425099138 23.30350850198276 17.96424919657298 19.6049731745428 6.9031242374328485 15.366068747318506 22.97220505424423 24.831050121192877 12.204699910719626 25.096747752497688 22.087033144922902 20.59975124224178 28.086228448267445 23.521728866442675 0.0 26.919689627245813 29.910882339705484 34.47057550292606 13.538404810405298 
32.28049716414141 31.110455730027933 20.5 32.78002478313795 42.22529209005013 9.5 21.115528128088304 12.541594578792296 25.817977802344327 9.555385138137417 31.110455730027933 49.29549159502341 38.97076812334269 15.797058540778355 7.208203932499369 43.766615305567875 26.919689627245813 0.0 30.51666203960727 36.55551275463989 16.6245154965971 
39.908120990476064 27.813000567495326 19.6049731745428 10.54987562112089 31.516124838541646 32.122776601683796 30.232137494637012 24.666091947189145 7.5710678118654755 21.5 21.3806130178211 35.85533905932738 19.9164878389476 16.024174696260026 36.72154055254967 26.209920264364882 29.910882339705484 30.51666203960727 0.0 6.582762530298219 33.2566787083184 
44.43176527297759 31.564449134018133 24.913111231467404 12.583045973594572 33.2566787083184 38.14306044943742 35.5 30.583217912982647 13.029964086141668 27.518512172212592 24.686773244895647 36.513886210738214 20.59975124224178 22.087033144922902 42.7965719651132 26.5 34.47057550292606 36.55551275463989 6.582762530298219 0.0 38.97076812334269 
16.311388300841898 19.288294228055936 15.060219778561036 30.332867780352597 30.9138126514911 7.780109889280518 7.208203932499369 9.719544457292887 26.442243542145693 18.884776310850235 22.70360331117452 38.089892258425 32.5624390837628 18.884776310850235 15.764337522473747 35.42849839314596 13.538404810405298 16.6245154965971 33.2566787083184 38.97076812334269 0.0 

0 11 29 24 14 29 29 14 26 11 10 21 13 24 28 21 19 11 24 24 14 
11 0 24 26 19 25 10 29 22 18 27 16 15 19 19 17 23 13 29 17 26 
29 24 0 20 18 20 27 22 20 26 20 29 11 23 27 19 28 24 28 18 18 
24 26 20 0 26 28 13 22 20 17 25 11 15 26 28 15 25 24 16 24 13 
14 19 18 26 0 16 28 14 11 21 19 15 16 25 12 28 20 15 29 12 19 
29 25 20 28 16 0 15 29 14 22 11 22 22 28 23 24 29 18 23 19 20 
29 10 27 13 28 15 0 11 22 12 25 10 11 25 26 25 14 10 25 20 13 
14 29 22 22 14 29 11 0 23 29 23 18 26 12 27 25 11 12 12 27 24 
26 22 20 20 11 14 22 23 0 20 22 26 13 22 13 22 24 15 10 25 21 
11 18 26 17 21 22 12 29 20 0 17 25 25 14 10 17 18 16 23 24 27 
10 27 20 25 19 11 25 23 22 17 0 12 23 14 10 23 13 13 13 17 23 
21 16 29 11 15 22 10 18 26 25 12 0 17 26 10 29 21 27 26 29 11 
13 15 11 15 16 22 11 26 13 25 23 17 0 12 10 29 23 16 17 28 13 
24 19 23 26 25 28 25 12 22 14 14 26 12 0 22 21 27 18 18 19 27 
28 19 27 28 12 23 26 27 13 10 10 10 10 22 0 24 24 28 24 15 28 
21 17 19 15 28 24 25 25 22 17 23 29 29 21 24 0 14 27 12 27 22 
19 23 28 25 20 29 14 11 24 18 13 21 23 27 24 14 0 24 19 22 28 
11 13 24 24 15 18 10 12 15 16 13 27 16 18 28 27 24 0 28 19 12 
24 29 28 16 29 23 25 12 10 23 13 26 17 18 24 12 19 28 0 15 18 
24 17 18 24 12 19 20 27 25 24 17 29 28 19 15 27 22 19 15 0 25 
14 26 18 13 19 20 13 24 21 27 23 11 13 27 28 22 28 12 18 25 0 

0.0 0.34531441137751645 0.5425888184999189 0.17679799372894495 0.23860261911347094 0.8134479498035323 0.9736554884190091 0.4463086043168851 0.7154823098133968 0.5947433309811965 0.1724144998546817 0.5687481050241708 0.8288053814830921 0.5578329390720471 0.34230360438028856 0.8794791849638699 0.9208918585352703 0.886203736968846 0.5465308882483471 0.11035161821815744 0.854000663128984 
0.34531441137751645 0.0 0.293432578040013 0.6793014059791707 0.7272137189374311 0.14702263532070056 0.928537236348848 0.9947227906984871 0.5821744679450582 0.32296673199517795 0.1457377908572037 0.7896820489945103 0.5991010564992022 0.22842452944756192 0.49583362754944726 0.8925521588856868 0.29530867627558016 0.9058262499592458 0.7074367024771082 0.6182782543022404 0.804997646962085 
0.5425888184999189 0.293432578040013 0.0 0.12205606525845895 0.4654611812863467 0.3122097017847028 0.6107152280976217 0.9828729853941641 0.3615553899048497 0.8199861073693663 0.9079671583361294 0.5915876954935907 0.7865718834432778 0.48885093299263205 0.4250769556510813 0.14257451751215358 0.7587063852483608 0.726958755112007 0.295488035477553 0.9754516249288492 0.33259712985974854 
0.17679799372894495 0.6793014059791707 0.12205606525845895 0.0 0.42155766945090223 0.7329271475842324 0.9541416046910868 0.31446046908205494 0.1443706362758866 0.39119449250243155 0.27652834869298 0.21624948697233054 0.5530652103589986 0.19981929279778018 0.5650548386926394 0.8178572423408084 0.7313929519056722 0.3544165190456233 0.6363610585856373 0.6705461221975678 0.3973961660380828 
0.23860261911347094 0.7272137189374311 0.4654611812863467 0.42155766945090223 0.0 0.7063038018489252 0.8989391832120254 0.26707051816768346 0.24902085783455205 0.8397846576418357 0.6817880548315067 0.7243697392851174 0.6095413331804795 0.647477203353342 0.7541770387850605 0.173243559252151 0.1813932131653714 0.914165031226559 0.6568840416659035 0.22608242806904638 0.41632824426153914 
0.8134479498035323 0.14702263532070056 0.3122097017847028 0.7329271475842324 0.7063038018489252 0.0 0.7978694502861982 0.8286504928420999 0.898510396542398 0.6622452258587487 0.4531903579172081 0.9781009873343411 0.3937080157415648 0.4526182904640418 0.9764350280802764 0.7210032963517513 0.2192183152181802 0.9631349433933754 0.7646525594771263 0.3754989239872938 0.1951987783471279 
0.9736554884190091 0.928537236348848 0.6107152280976217 0.9541416046910868 0.8989391832120254 0.7978694502861982 0.0 0.5719726100326864 0.17141346589471224 0.4838132325494364 0.630367549347651 0.6250839497304846 0.9110225195736827 0.9079575491017514 0.48730199903834803 0.425927728580623 0.4098247484922566 0.6290655868317636 0.5322835862741896 0.14027298185440673 0.9283626988159542 
0.4463086043168851 0.9947227906984871 0.9828729853941641 0.31446046908205494 0.26707051816768346 0.8286504928420999 0.5719726100326864 0.0 0.36525917154885634 0.16654194345418266 0.9310213779588584 0.4813655184360436 0.11131825590685582 0.4655377667639591 0.31543316910284624 0.8638981693887483 0.4949335487796611 0.3108328795778097 0.46770932598348014 0.951471425227802 0.13894895717726433 
0.7154823098133968 0.5821744679450582 0.3615553899048497 0.1443706362758866 0.24902085783455205 0.898510396542398 0.17141346589471224 0.36525917154885634 0.0 0.885131776420377 0.573573440920733 0.9795117159187542 0.31675537953053845 0.11523902759421913 0.5803134625824158 0.7233113568714705 0.28887564641502667 0.5899617345127938 0.2756846922574003 0.5934286927945052 0.7127850186368528 
0.5947433309811965 0.32296673199517795 0.8199861073693663 0.39119449250243155 0.8397846576418357 0.6622452258587487 0.4838132325494364 0.16654194345418266 0.885131776420377 0.0 0.15039671171223398 0.17214218252787333 0.7334792658768483 0.6251401152023551 0.6485773483206325 0.16906143329005086 0.457357210815194 0.8058429570741797 0.7971144720660636 0.6149235181873771 0.8911490636718669 
0.1724144998546817 0.1457377908572037 0.9079671583361294 0.27652834869298 0.6817880548315067 0.4531903579172081 0.630367549347651 0.9310213779588584 0.573573440920733 0.15039671171223398 0.0 0.3467461243018466 0.8872519933673066 0.3938814389325155 0.2913490416415093 0.1643088014537451 0.1356668579311119 0.316691479079086 0.8954582619104979 0.8151419170247743 0.5313791272954629 
0.5687481050241708 0.7896820489945103 0.5915876954935907 0.21624948697233054 0.7243697392851174 0.9781009873343411 0.6250839497304846 0.4813655184360436 0.9795117159187542 0.17214218252787333 0.3467461243018466 0.0 0.7046841583398783 0.42364750359235426 0.39613539667420994 0.29329746590899025 0.7172665679895424 0.49088613639339707 0.3367384218226924 0.41621074353085075 0.688388379751405 
0.8288053814830921 0.5991010564992022 0.7865718834432778 0.5530652103589986 0.6095413331804795 0.3937080157415648 0.9110225195736827 0.11131825590685582 0.31675537953053845 0.7334792658768483 0.8872519933673066 0.7046841583398783 0.0 0.5077872009353834 0.8199685376190038 0.878446709623168 0.9054708835008801 0.345391602585156 0.7008533301525629 0.8079534803575629 0.6854897968884659 
0.5578329390720471 0.22842452944756192 0.48885093299263205 0.19981929279778018 0.647477203353342 0.4526182904640418 0.9079575491017514 0.4655377667639591 0.11523902759421913 0.6251401152023551 0.3938814389325155 0.42364750359235426 0.5077872009353834 0.0 0.21421165893297323 0.22626318852775365 0.6552202131508147 0.5772183160045881 0.4610771215925866 0.698471922981674 0.8012380982574698 
0.34230360438028856 0.49583362754944726 0.4250769556510813 0.5650548386926394 0.7541770387850605 0.9764350280802764 0.48730199903834803 0.31543316910284624 0.5803134625824158 0.6485773483206325 0.2913490416415093 0.39613539667420994 0.8199685376190038 0.21421165893297323 0.0 0.7460792471763136 0.7186745783929241 0.7662864480598174 0.9366132141494307 0.6786207633740888 0.4521434970173053 
0.8794791849638699 0.8925521588856868 0.14257451751215358 0.8178572423408084 0.173243559252151 0.7210032963517513 0.425927728580623 0.8638981693887483 0.7233113568714705 0.16906143329005086 0.1643088014537451 0.29329746590899025 0.878446709623168 0.22626318852775365 0.7460792471763136 0.0 0.6722150666758452 0.9839777869095766 0.5773219662578928 0.6346899406172836 0.33189835972757353 
0.9208918585352703 0.29530867627558016 0.7587063852483608 0.7313929519056722 0.1813932131653714 0.2192183152181802 0.4098247484922566 0.4949335487796611 0.28887564641502667 0.457357210815194 0.1356668579311119 0.7172665679895424 0.9054708835008801 0.6552202131508147 0.7186745783929241 0.6722150666758452 0.0 0.800006714676799 0.3032508532566646 0.849901821197338 0.9729052046985314 
0.886203736968846 0.9058262499592458 0.726958755112007 0.3544165190456233 0.914165031226559 0.9631349433933754 0.6290655868317636 0.3108328795778097 0.5899617345127938 0.8058429570741797 0.316691479079086 0.49088613639339707 0.345391602585156 0.5772183160045881 0.7662864480598174 0.9839777869095766 0.800006714676799 0.0 0.4856310750518257 0.9640387967066059 0.9622969211918768 
0.5465308882483471 0.7074367024771082 0.295488035477553 0.6363610585856373 0.6568840416659035 0.7646525594771263 0.5322835862741896 0.46770932598348014 0.2756846922574003 0.7971144720660636 0.8954582619104979 0.3367384218226924 0.7008533301525629 0.4610771215925866 0.9366132141494307 0.5773219662578928 0.3032508532566646 0.4856310750518257 0.0 0.5140006514904581 0.5534510003561464 
0.11035161821815744 0.6182782543022404 0.9754516249288492 0.6705461221975678 0.22608242806904638 0.3754989239872938 0.14027298185440673 0.951471425227802 0.5934286927945052 0.6149235181873771 0.8151419170247743 0.41621074353085075 0.8079534803575629 0.698471922981674 0.6786207633740888 0.6346899406172836 0.849901821197338 0.9640387967066059 0.5140006514904581 0.0 0.33770168912011306 
0.854000663128984 0.804997646962085 0.33259712985974854 0.3973961660380828 0.41632824426153914 0.1951987783471279 0.9283626988159542 0.13894895717726433 0.7127850186368528 0.8911490636718669 0.5313791272954629 0.688388379751405 0.6854897968884659 0.8012380982574698 0.4521434970173053 0.33189835972757353 0.9729052046985314 0.9622969211918768 0.5534510003561464 0.33770168912011306 0.0 

0 7 30 16 23 11 19 15 28 8 8 7 14 6 19 11 12 26 17 6 15 
0 8 3 0 5 7 3 1 9 6 9 6 6 7 3 9 1 8 5 1 8 
